TRIPID,BUS,CYCLE,DRIVE,OTHER,PASSENGER,RAIL,TAXI,WALK
16148,0.9999989220447567,1.7259618579875525e-15,9.508804739582762e-07,2.192936789965334e-14,4.890055557630327e-14,1.0837878123185953e-12,1.2706654092632117e-07,7.072067184780605e-12
16149,0.9999645531102123,9.364538726478079e-15,3.493235593013777e-05,1.9550568411583276e-13,6.669475658796579e-13,6.425730003549207e-12,5.144969732541996e-07,2.9586734380752405e-11
16150,0.9998634178922201,6.473193039894603e-14,0.00013266824382301024,1.1010673496863303e-12,3.436724754335113e-12,3.722063938874482e-11,3.9136305027552485e-06,1.9163103063577081e-10
16151,0.9994986104240757,6.199249395249403e-13,0.0004885769358548366,4.333547050290199e-12,8.842186625580679e-12,1.4905042250110637e-10,1.281188254912037e-05,5.946743142482271e-10
16152,0.9899589387968041,1.0330404836140525e-11,0.009906781475531605,5.5033709898448864e-11,1.8174365012128498e-10,2.2552461109483893e-09,0.00013426886639230878,8.358918012815325e-09
16153,0.9999124713234014,5.614287865215191e-13,7.890314821200209e-05,1.9302913352169866e-12,2.7239177384345476e-12,1.210215827711321e-10,8.624909531543985e-06,4.926177417952744e-10
16154,0.9999999945794047,1.2415106551828875e-17,8.170231782250081e-11,2.2965873545477667e-15,5.412354005840371e-14,8.707476228098597e-12,5.31919553535285e-09,1.0933578631604575e-11
16155,0.9999999682060793,5.21010170343699e-17,2.383338652817241e-09,2.5752878503708852e-14,7.922236431350368e-13,7.561429367396217e-11,2.9306031432667352e-08,2.8118427265919502e-11
16156,0.9999934831650557,7.424309524569037e-14,8.530079508787579e-07,5.775607793475135e-12,2.015782615902816e-10,1.815741522477571e-08,5.6325119028477725e-06,1.295024745314237e-08
16157,0.9999994595994031,3.773660443666919e-15,8.877088961702447e-09,3.080962089645479e-13,4.5256761460295544e-12,1.725604414233075e-09,5.291680071496297e-07,6.250586764617549e-10
16158,0.9999999952904315,1.078368837644548e-17,7.096615170824839e-11,1.994802240104833e-15,3.791309027981227e-14,7.563262529977233e-12,4.6202218907396665e-09,1.0777388793858727e-11
16159,0.9999999723808278,4.525463647010094e-17,2.0701539136411355e-09,2.2368798558677032e-14,5.549460840071555e-13,6.567813004305195e-11,2.545504626122413e-08,2.771674619783993e-11
16160,0.9999943380278868,6.448717002473441e-14,7.409183113760581e-07,5.016663173073083e-12,1.412040186161562e-10,1.5771437315954056e-08,4.8923708197142945e-06,1.2765259728445332e-08
16161,0.9999995305387473,3.2777794496576098e-15,7.710587692192196e-09,2.6761056998549283e-13,3.1701987742562217e-12,1.498849928775115e-09,4.5963224438017876e-07,6.161295469009495e-10
16162,0.9999999944810347,9.291789055751178e-15,3.162125519940817e-09,6.803114861220469e-16,1.8575646016958603e-14,2.2599953844643321e-13,2.356440542542467e-09,1.446481463607264e-13
16163,0.9999999880398872,1.8494328901107878e-14,9.349716773003427e-09,1.0626740188108356e-15,4.624324620146537e-14,6.128093039758227e-13,2.6095903671243e-09,1.2719745737388634e-13
16164,0.9999999680562613,1.3914515935453162e-13,2.107433998002044e-08,4.458285939944941e-15,7.580012494149353e-14,2.6834024488238577e-12,1.0866197929284827e-08,2.9782873065807874e-13
16165,1.010665973395844e-06,1.4618644465089741e-09,0.15063347503252866,2.248784370368172e-06,0.8256756310425573,1.0916775588305685e-05,0.023676713536916517,2.700200895030939e-09
16166,6.259783855768534e-07,1.747679865945715e-09,0.15063353293636197,2.248785234805744e-06,0.8256759484340542,1.0916779784737812e-05,0.023676722638296368,2.7002024260825947e-09
16167,1.3747090948740503e-09,7.928818651081069e-06,0.017649249802228317,8.366826723637001e-05,0.9814195556136818,7.668876194117822e-06,0.0008309678947494962,9.59352549653635e-07
16168,6.461663432182882e-07,2.909302464445309e-05,0.005130999817143575,0.00013030897953755088,0.9927363489284212,3.0470458196794035e-05,0.0019388759503043743,3.2566754088273066e-06
16169,1.0346716877705646e-06,4.258032806288354e-05,0.005933440593793793,0.00023018214536265526,0.9893875249176536,2.026897720409169e-05,0.004381983671916438,2.9846943188489997e-06
16170,0.4188529627134014,3.4840421090719747e-06,0.11274372685087854,0.0001167652729044612,0.0011091115194341865,0.000775807578967907,0.4661059369680886,0.00029220505421575295
16171,0.24166200878142452,4.509995188651609e-06,0.2845643836374859,6.061907946425838e-05,0.0021850742408734336,0.000964527040546328,0.4699332705215758,0.0006256067034412627
16172,0.2149931608370822,5.082400738241001e-06,0.19840197249766353,6.698133866255121e-05,0.0014440909313327033,0.00111528408240743,0.583346607078993,0.0006268208331202926
16173,0.16322662768275656,6.148050900395633e-06,0.2114852181776527,7.139829731807584e-05,0.0015393187972708436,0.001188829397856799,0.621814304153388,0.0006681554428566494
16174,0.06656933540413303,9.69954944922804e-06,0.35026590285738407,7.461508825356371e-05,0.0026895741202980442,0.0011872214307666303,0.5784336014856075,0.000770050064107885
16175,0.06104041746723184,1.1227185106023716e-05,0.2648762051056878,7.678793666003505e-05,0.0023978034653381014,0.0012217945488840652,0.6696565377421637,0.0007192265489284531
16176,0.012744322541251712,1.6353258496781977e-05,0.15108949987907208,6.787524425693558e-05,0.0014922232459527959,0.0010334381969359038,0.8328164459461276,0.0007398416879063673
16177,0.01571255838358509,1.8385247204186392e-05,0.24876494912389857,8.398409095875495e-05,0.0018106634855532687,0.0013983912787058884,0.7314251325465702,0.0007859358435239887
16178,0.013160282181110868,1.9158139963485733e-05,0.3703040825687116,7.888370399778659e-05,0.0028434405661319443,0.0012551405636104785,0.6115249082987585,0.0008141039777154597
16179,0.01178722763590613,2.057671854269511e-05,0.24975648646255974,8.431883812604035e-05,0.0018178805008924445,0.0014039650429028873,0.7343404762551966,0.0007890685458733323
16180,0.9349650383290927,9.588733157925666e-08,0.00010321392826468941,1.6110711978179338e-05,8.77623090991919e-05,0.0014868991210735122,0.06258938863734671,0.0007514910758135001
16181,0.5476431608396367,3.942120722056479e-07,0.00234440346482626,5.752116534175309e-05,0.0014959504548476778,0.00742632935862342,0.43764528687811355,0.0033869536265384204
16182,0.00804439273483525,2.564484400763979e-06,0.00477469738777654,0.00013541402690497176,0.002353810372027894,0.02281070704022249,0.9538829092693921,0.007995504684439969
16183,5.9552588998551566e-09,5.201776866834298e-09,0.011338145177487798,8.140437105051902e-07,0.9823320846831644,3.2315303803008453e-07,0.006328621768831423,1.6732247039269054e-11
16184,3.782531047084099e-10,5.517181661557304e-09,0.013898514963760177,7.2780921122247e-07,0.9814373439970451,3.602301165783418e-07,0.0046630470878885845,1.6543478650555883e-11
16185,0.9999999975581888,3.6958461583205275e-13,3.770370432462977e-15,1.2090698723574933e-13,8.32573354195778e-10,1.5688431187117836e-09,3.861665874388654e-11,1.2841159125429924e-12
16186,0.9999999864081657,3.900541810192239e-12,2.0984133785361865e-14,6.729122353324407e-13,4.633717286807529e-09,8.731453442304618e-09,2.149224188818047e-10,7.146798496270413e-12
16187,1.8756560442786275e-07,1.0765754136152973e-07,0.0010064737982168515,1.7291282273146796e-06,0.9985588104448617,3.214650966501335e-06,0.0004294750116063036,1.742975330116977e-09
16188,4.317429439612003e-08,2.442317917015015e-07,0.0008537442862217903,1.996060934814927e-06,0.9985825388230297,3.7109109699335885e-06,0.000557720686683187,1.8260744941172247e-09
16189,7.954845063321173e-09,7.142441449234827e-07,0.0007821444315633952,2.833740075570052e-06,0.9980952642487948,5.041208629414227e-06,0.0011139911550567595,3.0168900858588713e-09
16190,0.9999999844989842,2.401017936387472e-12,3.690313908669979e-09,9.979010718457367e-14,1.4997070938816297e-09,8.058996456707257e-11,1.0227776246803683e-08,1.2785277581972237e-13
16191,0.9999901498607291,7.6408113650612e-09,3.2622999074958373e-06,6.434154718992326e-11,1.0805500405112438e-06,6.478685953851707e-08,5.434706147713791e-06,9.11627778443968e-11
16192,0.0002499727702131319,0.0001216148666643769,0.0001822393920485686,0.00022810962910807184,0.997646024536376,0.000497901995553695,0.0010649697458010084,9.167064235125596e-06
16193,1.1025416500833037e-06,6.70755789520013e-05,0.00047509881593885025,8.417463618363154e-05,0.9989234898702207,0.000120346012250658,0.0003263866199590795,2.325924844940083e-06
16194,5.5211901018316866e-08,0.0002047488220329638,0.00047503390070213975,8.416313496272851e-05,0.9987870017279119,0.00012032956874541165,0.0003263420240476965,2.32560969593145e-06
16195,1.5084530603209819e-06,0.0009645484080806019,0.00046336304359932993,0.000316723080530056,0.9959963115954603,0.0009421751009964807,0.0013075715016254994,7.79881664744271e-06
16196,4.651126083916404e-06,0.01243955190510748,0.0007588004509268085,0.003527081013469477,0.9746666991654404,0.005387344089784295,0.0011092653928353423,0.002106606856352108
16197,0.9969603385883596,0.00040759908364330666,0.0009217978942182414,0.00017491419356394704,1.8056988815846018e-05,0.0001212474395159447,0.0013626678672321493,3.3377944651185145e-05
16198,0.9943833224404954,0.0008041506079029607,0.0010028689069211884,0.00029489036057821,2.1432985178049092e-05,0.00019560322874063917,0.003232245292258052,6.548617792543939e-05
16199,0.9208297512318426,0.02500085419020221,0.017151162515607336,0.0037900128946312967,0.0002701351490341354,0.0027492529974812046,0.029486239491873373,0.0007225915293279893
16200,0.9086456526781442,0.029886217846032747,0.019462094520994407,0.004300675777748584,0.0003065329128075772,0.003119684840629108,0.033459188526568324,0.0008199528970751536
16201,0.0005967986762618792,2.574649369452393e-10,1.9031763355863938e-24,8.823146675180362e-11,0.9986812341399836,0.0007219668367384799,1.956551616420049e-14,1.3000111573113572e-12
16202,1.9328583039907012e-05,2.322504196380506e-10,2.353560873143689e-24,6.047001224683853e-11,0.9992115880684257,0.0007690830552492904,1.0625892215333049e-14,5.539240781294406e-13
16203,6.621725300028792e-05,1.9421975803809184e-05,0.0011021743778132681,0.00015028975345181291,0.9816494911851436,0.002363263626576484,0.01464774530212917,1.396526081532615e-06
16204,0.00033219034748340295,2.7818446632687577e-05,0.0008937925972863942,0.00016709843308360654,0.9767086274212116,0.002107430316269501,0.01976163836564077,1.4040723922020367e-06
16205,1.117278242094611e-07,2.5645250119527384e-09,3.124780583555748e-08,3.702072055249231e-08,0.999943811495794,3.8413201009559766e-05,1.7592158782294435e-05,5.835383829209903e-10
16206,1.6848500435517436e-09,5.293825465714442e-10,4.098037698322852e-08,1.0026580452083298e-08,0.9999917125767572,5.442915646479868e-06,2.7911974721489196e-06,8.893417270896049e-11
16207,1.592114963406695e-08,2.7577583784366336e-09,2.9519534512073215e-08,3.4571634003057196e-08,0.9999532222463291,3.5016592162597906e-05,1.1677942898570464e-05,4.485332245068592e-10
16208,5.47935254727954e-07,3.4338846660941498e-06,0.1947651785980441,3.383599648745207e-05,0.782852016370659,2.2608622970147196e-05,0.022322319804111323,5.8787807121198846e-08
16209,5.831644074314115e-08,4.823310166054601e-06,0.11671766363336276,1.641413923680108e-05,0.8691910329405108,8.261614752802698e-06,0.014061709975761623,3.6069768343883244e-08
16210,3.1653649838208536e-08,5.369332222596084e-06,0.18850254967208532,2.06635932224156e-05,0.7993236992839414,1.3193936017224833e-05,0.012134452935988211,3.9592872983388425e-08
16211,2.808093540227104e-08,5.614470761515046e-06,0.1885025041360652,2.0663588230770668e-05,0.7993235061936086,1.319393283000356e-05,0.012134450004703227,3.959286522658204e-08
16212,2.5336613514319203e-08,1.080002664376852e-05,0.19476384570878316,3.383576492841941e-05,0.7828466588675723,2.260846824643848e-05,0.022322167039738553,5.8787473687374924e-08
16213,0.0057477300758581665,5.625470754478878e-11,0.0006949687590815183,8.280038793090185e-08,7.745854347832439e-05,7.021872861799989e-05,0.9934080545547361,1.486481585153334e-06
16214,0.0011009955223920673,3.6629485765385113e-09,0.0046113566294813235,1.2412683899172463e-07,0.0005497586834969814,8.328308012361049e-05,0.9936353764582545,1.9101836463947652e-05
16215,0.00027623394600229025,2.1897005088488322e-10,0.0012433826035277988,9.347443168317106e-08,0.00014619951456622515,7.575072840198596e-05,0.9982564888695574,1.8506445426389251e-06
16216,1.4500652866154621e-05,5.273374734546726e-10,0.0006989762078232709,8.327784581097816e-08,7.790519829344219e-05,7.062363596379134e-05,0.9991364154432656,1.4950566043719402e-06
16217,0.03367179842961346,1.223575107166781e-11,0.0005759271147572707,3.3059170616282034e-08,2.4261613424355887e-06,3.854255190050537e-05,0.9657048372218912,6.435449088777475e-06
16218,0.4697382765496629,3.7618242314987703e-11,5.1760368006647275e-06,8.110749791781969e-08,2.2815182077879325e-05,0.0032199344746665125,0.5264142402287948,0.0005994763828812217
16219,0.03714849462630244,2.1968679590323026e-10,9.398669746416796e-06,1.472753413943806e-07,4.142790513522177e-05,0.005846770781963162,0.9558652274431215,0.0010885330787031855
16220,0.3906796550942106,8.48267189352776e-13,1.4415678418619897e-06,2.7712436993517267e-08,7.641810852316789e-06,0.0013339310809082332,0.6078844364477165,9.286628518513807e-05
16221,0.5746727420302074,3.015878081078631e-11,4.14966116791738e-06,6.502438979825118e-08,9.593952346556126e-06,0.0025814416642180983,0.42202959813493324,0.0007024095025781393
16222,0.05557519575324491,2.1537454336000794e-10,9.2141823840778e-06,1.4438446002451618e-07,2.1303046954478367e-05,0.0057320039746523365,0.9371024600174678,0.001559678425461948
16223,0.6415810898963138,2.5402618927700218e-11,3.4952427947611222e-06,5.476978016500095e-08,5.2557475168013824e-06,0.0021743378584046626,0.35547382120294274,0.0007619452568443603
16224,0.07232257221249981,2.1145647483206442e-10,9.04655905475312e-06,1.4175783479796576e-07,1.3603183835721282e-05,0.005627728028086115,0.9200548015580573,0.001972106489175058
16225,3.350207689532598e-11,1.512276106645172e-08,9.250234608091496e-05,1.022579168089272e-05,0.999893277924505,1.7429861254291694e-06,2.212078812777035e-06,2.3716532006407976e-08
16226,1.5275105795288153e-11,3.666481117669719e-09,1.487345368503562e-05,9.512748026126817e-07,0.9999797553719008,4.548969633201234e-07,3.961004102668539e-06,3.16789353632357e-10
16227,8.393123904478175e-12,4.583452315934595e-09,1.4873453671499449e-05,9.512748017469366e-07,0.9999797544618299,4.5489696290612654e-07,3.961004099063671e-06,3.16789425655874e-10
16228,7.179935491059964e-07,3.166947134638754e-09,0.00019600514766060495,3.2328760281229725e-07,0.9995728894646335,1.4742394313663612e-06,0.00022858665117854516,4.899695530212492e-11
16229,4.0246560708876225e-07,3.929640069504153e-09,0.0001960052093562586,3.232877045720735e-07,0.9995732040956701,1.474239895406038e-06,0.00022858672312973128,4.899698153614374e-11
16230,3.0225953973722656e-09,6.707205190159801e-09,0.0001842611535939509,1.1611478048783554e-07,0.9996861955479993,1.6441952027944566e-07,0.00012925300111173775,3.319377356187252e-11
16231,1.289081769116587e-10,8.262820613893211e-09,0.00022607497649642763,1.0390815922174202e-07,0.9996783071370146,1.834498982974141e-07,9.532210385365801e-05,3.284895691713124e-11
16232,4.4733121871332026e-11,3.7305353738067835e-08,7.38553286887814e-05,3.108264564377555e-06,0.9998918544694615,8.535526977482605e-07,3.028795739328811e-05,3.0771075213258403e-09
16233,4.2133074238226354e-11,3.814744790224238e-08,7.385532862678026e-05,3.1082645617681844e-06,0.9998918536300581,8.535526970317079e-07,3.028795736786154e-05,3.077107588982117e-09
16234,3.73775670667361e-11,3.988909111239784e-08,7.385532849850184e-05,3.108264556369477e-06,0.9998918518933579,8.535526955491825e-07,3.028795731525475e-05,3.077107724116513e-09
16235,2.7706440288049105e-11,4.459906678700931e-08,7.385532815135928e-05,3.108264541759686e-06,0.9998918471935614,8.535526915372246e-07,3.0287957172892118e-05,3.0771080608506725e-09
16236,8.748744366700418e-08,2.7857634010746273e-16,0.999994908754024,3.064565524125736e-15,4.589854372209955e-13,2.7639845037040816e-16,5.003758067254073e-06,2.5447325498298314e-15
16237,5.418726954141502e-08,3.3304188425888213e-16,0.9999949420540314,3.06456562617631e-15,4.589854525052917e-13,2.7639845957452545e-16,5.003758233880102e-06,2.5447330992679423e-15
16238,0.9993870211115028,9.326730887188322e-06,5.602957985037098e-06,3.940558190262836e-07,0.00024213598817830693,5.033421676717672e-05,0.0003002566350287662,4.928303831553286e-06
16239,0.9639287692500843,3.5700149935279755e-05,0.000680019700096428,3.033057282144857e-05,0.015402394204043131,0.0030585407037352335,0.016835200166089734,2.9045253194381067e-05
16240,0.9897716060772271,0.00018740894300849992,0.0001859638988255717,6.155812593196651e-06,0.006003708592324074,0.0010245307407008718,0.0027474659785288458,7.315995679180884e-05
16241,0.9993244653477432,1.4023428466281167e-06,1.067401896318806e-06,4.3457836439281504e-07,6.395723522587813e-05,0.00013365506365746048,0.00047390157134413855,1.1164589221176278e-06
16242,0.9922467956574581,0.0001926752242430738,8.51905962794223e-05,7.56573631473485e-06,0.0024616637967556027,0.0015612089157889546,0.003413481334608851,3.141873855120045e-05
16243,0.865975192729581,0.004353087398700102,0.0019747899907279734,0.0001279157134201565,0.046508877980238235,0.03291059030128253,0.047562104907895274,0.0005874409781546762
16244,0.08836971167735014,0.0032922775952497056,0.0812820124643773,0.002137311243004716,0.038080005660760675,0.012640828879626573,0.7644113926370973,0.009786459842533565
16245,0.00018798182114605172,0.009310727381514602,0.20091439266100494,0.002810420118135412,0.0625272508371557,0.0258394302507161,0.6826723321356919,0.015737464794635284
16246,1.2033627781007117e-06,1.2353244363231799e-09,2.1830283997575024e-07,5.768717588410408e-08,0.9999734212951913,1.3633203363565738e-05,1.1464504517501826e-05,4.088092744170545e-10
16247,4.405629348725601e-05,2.317259267908623e-09,1.3807646222591682e-07,6.691411331388049e-08,0.999917009930659,2.642258717783871e-05,1.2303292517473078e-05,5.883235074562458e-10
16248,7.407759435984605e-06,1.650796963055863e-09,1.779235404664695e-07,6.446290418517519e-08,0.999964583892246,1.221874353595875e-05,1.55451544463861e-05,4.130938596648815e-10
16249,0.9999977015300517,1.0046731273547374e-14,1.8749656979777066e-06,8.128173324121005e-13,4.441879474838878e-11,1.0822038306918792e-11,4.2343753037137596e-07,1.0656226768102437e-11
16250,0.9999997120614067,3.7960740028016664e-11,2.5991420326402074e-12,5.035158661523695e-12,1.6323282634387719e-07,1.137459477552566e-07,1.0853196185295504e-08,6.102805239808424e-11
16251,0.9999996893706277,4.212647777158718e-11,2.803954816586253e-12,5.4319299230115315e-12,1.7609559766419203e-07,1.2270914558352985e-07,1.170842968062118e-08,6.583707402951795e-11
16252,0.999998150326117,2.5710319609554616e-10,2.587859984304724e-11,3.278059687168103e-11,1.5015248708727592e-06,2.9083533410694034e-07,5.681270452620938e-08,1.852109747659833e-10
16253,0.9996963347743489,1.0591930732118768e-07,5.159296865757272e-09,4.7666145767522e-09,0.00024398332033512976,5.2728121734325176e-05,6.808155734010686e-06,2.978262879801593e-08
16254,0.006743465302159388,0.00011154850422584117,0.008438084287051294,6.8182793407829655e-06,0.9619579826831767,0.0003927727333896597,0.02234920411216206,1.2409849443915278e-07
16255,0.0008263477813134091,0.00010606513080663847,0.004424463465801306,2.0825252311498055e-06,0.9859736130688979,5.7611623928749325e-05,0.008609727306572197,8.909744879383857e-08
16256,2.7410607073965777e-05,0.00015453946098785816,0.008862558302146844,4.286608628025029e-06,0.9759128555082781,0.00011108240718797766,0.014927186897877559,8.020781943548992e-08
16257,0.9999999804572864,1.6303025749568746e-15,1.9161466822897258e-08,8.358567985102313e-17,3.2539799517648368e-18,3.233468594398005e-16,3.8123726131438654e-10,7.424977788447034e-15
16258,0.9999992609299853,2.38831332703792e-13,7.246517805540362e-07,3.1610581952152057e-15,1.2305959599688993e-16,1.2228389381423081e-14,1.4417698956892449e-08,2.807995272849882e-13
16259,0.9999971959067085,1.328624891257388e-12,2.725709471618578e-06,1.2091980885276868e-14,7.559874160054573e-16,2.581761238309652e-14,7.837903358232694e-08,3.4187572465696403e-12
16260,0.9999902175121241,7.384947332880514e-12,9.509031831133557e-06,4.21846247139748e-14,2.6373714724862105e-15,9.006847593663378e-14,2.7343659806312903e-07,1.1926834940965953e-11
16261,0.0005549272421028562,2.4222795932678188e-08,5.900643129029319e-06,1.3066301669691834e-06,0.9993308634450074,1.1748356195205784e-05,9.5214205443874e-05,1.5255158632557267e-08
16262,0.000372341675277114,2.8114634693295905e-08,5.9017210765438565e-06,1.3068688661601198e-06,0.999513424260311,1.1750502420809264e-05,9.523159946582424e-05,1.5257947813444094e-08
16263,3.630963263318232e-06,1.2112320244781008e-07,3.963342669369702e-06,8.273449287177833e-07,0.999907398668435,5.863935918648789e-06,7.818241524914172e-05,1.220633348830754e-08
16264,3.48886803731406e-06,1.2293917379453284e-07,3.963343225346543e-06,8.273450447775484e-07,0.9999075389352257,5.863936741240434e-06,7.818242621655378e-05,1.220633538636099e-08
16265,0.01828550907694187,3.4611738737334884e-09,4.730266747618666e-07,1.444555224023255e-07,0.9816706915682741,3.225833544976733e-05,1.0919279881658231e-05,7.960816193990576e-10
16266,0.016906049346950752,3.5707464050008647e-09,4.736913498843677e-07,1.4465850459587108e-07,0.9830500896487362,3.230366336510646e-05,1.0934623146806266e-05,7.972002605945391e-10
16267,0.011156767650566168,9.059616124966053e-05,1.519070738262812e-17,1.0185821459102017e-06,0.02317525349291413,0.9655678418010398,6.727957923486209e-10,8.521639288689613e-06
16268,0.0031979291482670574,0.00014593126427814074,1.5312132907050718e-17,1.0267240887519209e-06,0.023360502753407546,0.9732860196714376,6.781737237284771e-10,8.58976034730839e-06
16269,0.9999609049077911,3.898155797833983e-11,5.1178957877579384e-06,3.4627943989714774e-09,2.6659535016034015e-05,5.810999057889672e-08,7.25598254642985e-06,6.709226186753345e-11
16270,0.9999499263526024,5.4754021070191716e-11,6.555085815534218e-06,4.435204503598005e-09,3.414597465043339e-05,7.442823980427816e-08,9.293582800501483e-06,8.593288996747743e-11
16271,4.836395463706325e-09,2.892437336078129e-05,0.0043110898205951775,0.0002735852171631493,0.9948332400508747,8.754390076964205e-06,0.0005443636388136225,3.767272010202507e-08
16272,2.509916222380562e-09,1.9405602461601906e-05,0.004088948751620833,0.00016373373938199115,0.9954328841420522,5.006622385467349e-06,0.0002899937679496612,2.4864231967890905e-08
16273,1.5466770228903329e-09,2.413033454908783e-05,0.004684918242662676,8.322164815304348e-05,0.9948395477154863,6.377264724539633e-06,0.0003617603564586583,4.289128857549507e-08
16274,1.4279880452536876e-09,2.4859294268168837e-05,0.00468491482801963,8.322158749622784e-05,0.9948388226181063,6.377260076415265e-06,0.00036176009278650404,4.289125861921745e-08
16275,1.1762073521086838e-09,4.162713170821032e-05,0.004294001667770786,0.00011820165963143002,0.9948145154362295,8.667415691721574e-06,0.0007229146185288984,7.08942318936086e-08
16276,1.550243954045004e-09,4.420277437267305e-05,0.0043110239662978115,0.00027358103799662864,0.9948180434192233,8.754256348781454e-06,0.0005443553233559454,3.767216096877048e-08
16277,1.460136823886732e-09,4.5200519030826464e-05,0.004311019665195001,0.0002735807650451951,0.9948170508905999,8.754247614671673e-06,0.0005443547802533716,3.767212424322749e-08
16278,0.0011604305552954746,0.00040790094270357107,0.0009539575168534312,0.00033153169762393766,0.9953214774762081,0.0010638223860973243,0.0004850950276455789,0.0002757843975727511
16279,0.0009164502041435269,7.943598890653203e-05,0.00015961887212059513,3.0962958928974684e-05,0.9978062677138558,0.0002830325224933001,0.0007214646654947145,2.767074056571504e-06
16280,0.0008632273039175754,8.123327985447309e-05,0.00015962708880121488,3.096455280532014e-05,0.9978576316616977,0.0002830470921228898,0.0007215018042406287,2.7672165600607313e-06
16281,4.5529226061209445e-12,3.8127051255221265e-11,0.1319074134576509,3.773374950954052e-07,0.8679921192573136,1.3935477862085433e-08,0.00010007593914459393,3.023815311864799e-11
16282,2.0762936480581773e-12,2.939136820348528e-11,0.07580183843415061,1.7553121793231628e-07,0.9241375286744453,4.883126285606022e-09,6.045242780141967e-05,1.7790836509330412e-11
16283,3.5741684657447403e-11,3.030484632834919e-10,0.03663684257842006,5.648291681915932e-07,0.963047576460303,5.97511574519429e-08,0.00031495587232034384,1.698407699458329e-10
16284,0.00014620490175768175,1.362309694320372e-07,0.6214307458226512,0.00011372848863878858,0.34697309569956303,2.877248385870979e-05,0.031306911585603205,4.0478695794958083e-07
16285,1.986772317418835e-05,2.8673114642567154e-07,0.621509173581342,0.00011374284175942701,0.3470168854901465,2.8776115094267687e-05,0.031310862678985196,4.048383521813373e-07
16286,0.9999999999976001,2.4777873272626433e-15,3.955199230144692e-14,7.760051387185777e-17,1.7154010900386906e-17,4.166133030406243e-14,2.2267359528208635e-12,8.951157991909668e-14
16287,0.999999999996201,4.6533635593799085e-15,6.25962262650202e-14,1.2281301249209e-16,2.7148476857737457e-17,6.593453089136633e-14,3.5241023125434577e-12,1.4166386481388126e-13
16288,0.99999999999828,2.8237140440210993e-15,4.037260115413799e-14,7.788757867322065e-17,1.0720996808876549e-17,7.576260222581682e-14,1.5726545529977247e-12,2.822774074040533e-14
16289,0.9999999998219007,1.1578927973902119e-12,7.338562259714304e-12,6.234798151375409e-15,3.223150247887811e-15,3.5762228417908075e-12,1.5816668858004917e-10,7.85042250898394e-12
16290,0.9999999997218092,2.142181591579256e-12,4.632113928638337e-12,1.108748874791612e-14,1.6702802121139127e-15,9.671495383021523e-12,2.5513639293944525e-10,6.595786387115563e-12
16291,3.790487320126135e-09,8.955260752269114e-11,1.1948041206635683e-06,1.1911181757815655e-07,0.9999471062532751,2.3605183913349143e-06,4.921540807997663e-05,2.4275404748151375e-11
16292,9.011302609600316e-10,3.65123267898766e-10,1.1170604107804348e-06,2.5159655855038892e-08,0.9999915258611556,3.9448248519474313e-07,6.936126085095747e-06,4.395398230252024e-11
16293,3.918830736245564e-10,7.757841985009225e-10,1.0238698341890547e-06,3.573549918721887e-08,0.9999845421154702,5.361555440828981e-07,1.3860883333068117e-05,7.265207523442536e-11
16294,1.4615103918819617e-10,1.1143755900331427e-09,1.7981163749559422e-06,4.891927239785771e-08,0.9999842138772693,9.310920968376283e-07,1.3006647740919355e-05,8.671898152657817e-11
16295,1.2243876329189543e-10,7.68393579214415e-10,1.1170604111998027e-06,2.515965586448435e-08,0.9999915262365733,3.944824853428401e-07,6.936126087699714e-06,4.3954015762837365e-11
16296,4.912423176272635e-10,2.539014841510573e-09,1.183693367543305e-06,5.861979368420772e-08,0.9999830617668873,2.3243310391161743e-06,1.336842925987078e-05,1.293953216418951e-10
16297,3.7129878659293394e-09,4.895996882162619e-09,8.842563053499142e-07,9.303939315211427e-08,0.9999599590341682,2.831304187209656e-06,3.6223540842179603e-05,2.1611904257145667e-10
16298,0.9941056739933651,2.866518953608406e-12,0.005352772902087066,3.34165753333996e-10,5.210668600898247e-05,9.468003349205766e-10,0.0004894451218885428,1.2817786115752587e-11
16299,0.9853661428912198,1.002134042276298e-11,0.013289341933440921,8.296341054876151e-10,0.0001293653924906502,2.3506234289427855e-09,0.0012151465607471267,3.182275901813666e-11
16300,0.0024991519406530583,2.4608197004827027e-08,0.0010811460246181379,3.008325248208059e-06,0.9957867055804017,0.00010652295644905983,0.0005234210186240544,1.9545808652988707e-08
16301,0.0019783226100785465,2.6368068959835875e-08,0.0011757380083801193,1.7735078005915674e-06,0.9965069562935774,5.153486860419558e-05,0.0002856247454288476,2.359806128650082e-08
16302,0.0011518448344020652,1.728254258703749e-08,0.0010265614895191425,1.8023799944221724e-06,0.997479630979476,6.098712638483223e-05,0.00027914299317643776,1.2914504528745295e-08
16303,0.0010608766495358408,3.3935757932451924e-08,0.0010827048960418782,3.012662860478709e-06,0.9972225000097603,0.00010667654864567306,0.0005241757234002258,1.9573997561565122e-08
16304,1.8267939136504153e-07,0.0010713782747634498,0.005603078128862656,0.0003350744917344008,0.977010889867981,0.0018986549331833746,0.014042919150577295,3.782247350668009e-05
16305,1.3009457135764482e-07,0.00121566703396363,0.0056022690953524655,0.00033502611002599183,0.9768698183834246,0.0018983807846832275,0.014040891480801428,3.781701717720945e-05
16306,6.806053244834505e-09,0.0011872141065592638,0.006107352274829906,0.000238814446341931,0.9838750880952811,0.0005314627214400105,0.008047495382035435,1.2566167459157372e-05
16307,2.282073279814975e-11,0.00041560680617691424,0.014902984286266258,9.763531231584836e-05,0.9823155029821167,0.0001813960936884487,0.0020827664443412506,4.108052273706234e-06
16308,1.0164816026950754e-11,0.00042695446004310886,0.017531542973195015,8.439807851167762e-05,0.9801959691282915,0.00015680267059427146,0.0016004199362138227,3.912742985825389e-06
16309,1.29653518937604e-11,0.00038922116926515184,0.010441449698604622,6.221260019805592e-05,0.9875882873739448,9.251609813600901e-05,0.0014238381069093969,2.4749399767141525e-06
16310,1.306206283132255e-10,0.0019694134482143876,0.007492644235059732,0.00021369097106922476,0.9837844862519716,0.0005929257860773025,0.005934404590023473,1.2434586963531565e-05
16311,8.107583914649486e-05,2.159435877090085e-09,1.247614679905404e-19,3.6320835929897345e-09,0.9956161669210116,0.004302751350999533,2.274550079348387e-11,7.457746368941908e-11
16312,7.66049355104999e-05,1.8593240431518914e-09,1.1553351939454262e-19,2.953775952352388e-09,0.9962665990111378,0.003656791178162179,1.479008619295286e-11,4.729935800258911e-11
16313,6.177238897330982e-05,3.132717504667497e-09,1.0575855944030505e-19,4.189981866285634e-09,0.9949745527888839,0.004963667391844731,2.951780572652701e-11,7.808082165770334e-11
16314,0.9999999008760124,3.935415125491776e-15,9.753363051882405e-08,1.065479696689185e-15,1.667850143376665e-16,1.0473344617185909e-15,1.5903274883311104e-09,2.3326103372557638e-14
16315,0.999999388245998,9.1003363022643e-14,5.995135006025203e-07,2.882708392257779e-15,6.439895079991919e-16,5.556992470103352e-15,1.2240287802171523e-08,1.1335937481382303e-13
16316,0.9999992226779455,1.2643255455432984e-13,7.617687145123128e-07,3.662898440280483e-15,8.182819222168138e-16,7.0609636084105845e-15,1.555305809618951e-08,1.4403951375182e-13
16317,0.9999761506785745,6.199788616995248e-12,2.3341857671784822e-05,1.1060684754693245e-13,4.0073266180114084e-14,2.49146628574749e-13,5.074466070342337e-07,1.0547090700644228e-11
16318,0.9999619024879963,6.825054135679364e-12,3.7721366546708506e-05,1.1534717063735114e-13,5.93578090813226e-14,2.715263786944382e-13,3.7612873425183664e-07,9.451553066803772e-12
16319,0.9999606661935155,7.130923366870888e-12,3.894545472538169e-05,1.1909027755384487e-13,6.128401693273794e-14,2.803376244361915e-13,3.8833440916254995e-07,9.758263557954257e-12
16320,0.9999652909576302,1.0377543991839672e-11,3.3970505107406566e-05,1.6097135593663756e-13,5.832051212819931e-14,3.6259482589178474e-13,7.385109530862141e-07,1.5349680167037958e-11
16321,0.9836262806285411,1.5183988909059955e-07,1.4842881928097413e-06,3.402177006239295e-07,0.016134440004866153,0.00022211592590529772,1.4793420968206175e-05,3.9367393675922013e-07
16322,0.9743312690192812,2.8246546135187126e-07,2.326882946268205e-06,5.333511170103863e-07,0.025293574035539654,0.00034820580166796403,2.3191290703946045e-05,6.171532823485852e-07
16323,0.9032827518863386,1.9414600321389605e-05,3.7260037493957685e-05,3.0218100663158664e-05,0.0914644647240666,0.004849492341191069,7.165638060299535e-05,0.00024474192932230475
16324,2.561141121771149e-10,9.860507825254779e-11,2.7628024249349037e-22,5.44233972578514e-11,0.9998879113102894,0.00011208828033530456,8.085818140816013e-14,1.5174318956404157e-13
16325,1.2801749109075458e-10,1.2529453208024367e-10,3.0025286932983547e-22,3.206306962771948e-11,0.9999458084475751,5.419126682258877e-05,4.4094028352699135e-14,1.830809266699663e-13
16326,8.274245794932905e-11,1.228712044773097e-10,2.4004613254328628e-22,4.623581950674515e-11,0.9999129245588166,8.707518908223113e-05,8.602994715533279e-14,1.6544712142937964e-13
16327,9.431399713469511e-10,6.316469266953687e-11,6.263059471190512e-08,1.4950912543113934e-08,0.9999993963032364,5.853347518536545e-08,4.665696419709461e-07,5.834545273752733e-12
16328,6.327066852551313e-10,7.329987448701711e-11,6.263059473071297e-08,1.495091254760366e-08,0.9999993966035342,5.853347520294294e-08,4.66569642111056e-07,5.834546163385233e-12
16329,6.635107776724067e-10,7.235190204402094e-10,4.303935950941717e-07,2.64639543719235e-07,0.999998596849367,3.612266093428757e-07,3.44937649184874e-07,5.662057266376781e-10
16330,1.6502378013326753e-10,6.721765479349159e-06,0.0007666865005448613,2.7993208213507885e-05,0.998794728490506,6.529603613386469e-07,0.0004032116086468581,5.301224358785131e-09
16331,7.527368311633346e-09,1.1621462622957162e-05,0.00048507376231529355,3.248035938372532e-05,0.9990367019765061,1.2658841044085148e-06,0.0004328413963504381,7.631348953396988e-09
16332,7.797479059984462e-10,4.88059558439275e-06,0.0004578838441498018,1.3944126899162338e-05,0.9992984391694949,2.148986958894608e-07,0.00022463399249350471,2.5929344200081104e-09
16333,8.281712503824464e-12,3.0963541846800357e-06,0.0011757603558285431,1.3365275360543301e-05,0.9986800626819062,1.6343131920339505e-07,0.00012755053094363672,1.3621753544571135e-09
16334,7.64619489917035e-12,3.189894801556163e-06,0.001175760245847601,1.3365274110351823e-05,0.9986799692651026,1.6343130391598515e-07,0.0001275505190125255,1.3621752684970579e-09
16335,6.428202230218481e-12,4.064748114038726e-06,0.0007237072700657858,1.201768338067112e-05,0.9990508419437658,1.1084707412323403e-07,0.00020925569996224898,1.8012091720177438e-09
16336,7.471690713494626e-11,4.3510986362996996e-08,0.0014259921435572365,3.614817885118568e-05,0.9983608903391675,4.687857147611239e-06,0.0001722193250945275,1.8570478462505553e-08
16337,4.386266018712841e-11,3.406522923885156e-08,0.0015557227687309609,2.544921718231858e-05,0.9983291567109857,3.449010017744122e-06,8.617694941551785e-05,1.1234576005384577e-08
16338,5.1134479755552926e-11,5.0118299487720795e-08,0.0014259921341688842,3.61481786131957e-05,0.9983608837662256,4.6878571167476365e-06,0.00017221932396068137,1.8570481024932555e-08
16339,0.9912987567811705,8.249525332552682e-11,7.675257964458333e-10,3.03290772186306e-09,0.008693174710336583,7.351161823264192e-06,7.133345240486762e-07,1.2921684700199362e-10
16340,0.970056602987422,4.5365904600798766e-10,2.6412696360832654e-09,1.0437078612724757e-08,0.02991563086205578,2.5297391440956497e-05,2.4547824027080036e-06,4.446713056938662e-10
16341,0.9999740302922139,1.984753800896776e-12,2.381619123258816e-05,3.3898362311914594e-10,5.212928273390871e-07,1.5431844866897845e-09,1.6302388660420345e-06,1.0070722263982465e-10
16342,0.9999005741849067,3.975366949098168e-12,7.566691437849164e-05,2.23669090192554e-10,6.220954658140115e-06,4.142272521249616e-09,1.7533565679428175e-05,1.0460362007436143e-11
16343,0.999929358296499,3.0304315211008343e-12,5.3062540873599646e-05,1.298535515005215e-10,7.0223644518505615e-06,1.9810567037918302e-09,1.0554678250087978e-05,5.984863500161463e-12
16344,0.9999312036129061,4.0621101489455015e-12,4.3593927865911e-05,1.6531751203202255e-10,6.294340078545371e-06,2.4134030316393785e-09,1.8905527500026843e-05,8.866939812347658e-12
16345,0.9999999893424322,2.254996858559766e-16,8.85160676644952e-09,7.522037591227335e-18,7.588225001213212e-19,3.250381969089409e-16,1.8059371039663244e-09,2.338645365909112e-14
16346,0.9999999718277571,4.488334039991847e-16,2.6172273938514506e-08,1.1749726399247884e-17,1.8890549096226153e-18,8.813576805372115e-16,1.9999469254043893e-09,2.0565057239446726e-14
16347,0.9999988311266403,1.6991534284584462e-13,1.0242799047942804e-06,8.55888672783776e-16,5.3763540219664415e-17,6.700918305265284e-14,1.4459238115291913e-07,8.360653483835752e-13
16348,0.9999999954488226,2.1738841536252822e-17,3.978884833847118e-09,1.8032340883445945e-18,2.43020216837832e-19,2.0935554089832135e-16,5.722900563793274e-10,2.331018868196848e-15
16349,0.9999969480859244,4.4545531706271075e-14,2.865381412178118e-06,6.066405929664104e-16,1.943105579028427e-16,5.2686716198211405e-14,1.865304090863518e-07,2.1560274394661407e-12
16350,0.9999984912298752,4.329885069101333e-14,1.2898210213931987e-06,4.866703972554052e-16,1.1818797294102415e-16,5.180153094486271e-14,2.1894769594639736e-07,1.3117887827936118e-12
16351,0.04254472012988832,0.00013978372676480772,3.4698971923101095e-05,9.034684576422625e-05,0.9465067732262505,0.007731164119857916,0.002852171121509961,0.00010034185804134057
16352,0.03127662991946402,0.00015930630052647026,3.510668885001101e-05,9.140843163462694e-05,0.9576283371081563,0.007822006191011213,0.002885684461538028,0.00010152089881942753
16353,0.0011345577987632537,0.0004907520918652367,4.711411464260151e-05,0.00020866518141274937,0.9856102683378761,0.009952512080075785,0.0024846446489705863,7.148574639390915e-05
16354,0.000967245653634355,0.0005209227799093019,4.712058645943573e-05,0.00020869384464549876,0.9857456564094762,0.009953879204040889,0.0024849859514695983,7.149557036491978e-05
16355,1.2489669075040933e-07,2.5056110824779637e-06,0.00012153613529940494,2.498370405978735e-06,0.9994428068384131,0.0001342201204785504,0.00029624468181662234,6.334581329911444e-08
16356,7.03814125947221e-08,3.0452080672845067e-06,0.00013209971692170868,1.4720935294942255e-06,0.9996367642142503,6.49001721151453e-05,0.00016157177542143767,7.643828192228462e-08
16357,4.6536702964058946e-08,5.53330222499595e-06,0.0001210587709033422,2.0905321290797796e-06,0.9994601273875497,8.819322219974495e-05,0.00032282392398190533,1.263243082164909e-07
16358,9.995769082970819e-10,6.109306799685254e-10,4.898181286576402e-08,8.048169476314486e-10,0.9999984639147875,8.059564436916748e-07,6.787233869736718e-07,8.244567160140774e-12
16359,1.3966376193892147e-10,1.272366228974283e-09,4.898181287548582e-08,8.048169477911868e-10,0.9999984641132649,8.059564438516391e-07,6.787233871083831e-07,8.244573347099913e-12
16360,4.711151849741551e-10,1.9623474144470048e-12,1.0945806430796758e-07,1.8850631263364516e-09,0.9999976852939495,4.6093856274455155e-08,2.1567959387124213e-06,5.0429092108042155e-14
16361,2.009237209744403e-11,2.4174989220753417e-12,1.3429818157751294e-07,1.6869091893019913e-09,0.9999982219457313,5.1429322348245884e-08,1.5906172957467684e-06,4.990565569873668e-14
16362,0.9570149575360116,1.7510533928758592e-12,0.042784591837604115,1.892421377257561e-11,1.6387508149147205e-08,6.84992349634273e-11,0.00020043401024421863,1.3945745747152374e-10
16363,0.9502972727062744,3.733952396974368e-12,0.049200182555975774,3.372284728120463e-11,2.055990583855929e-08,1.1680462256021282e-10,0.0005025237343794918,2.892029193744016e-10
16364,0.8788519497744688,2.5532339434233414e-11,0.11971851704295942,1.1121425955990962e-10,6.497585170705518e-08,3.0158702718425237e-10,0.0014294670585035803,7.098828030586803e-10
16365,0.7863310286474904,5.7994214907749834e-11,0.21114770183461243,1.9614873202018091e-10,1.1459799287163085e-07,5.319094260935187e-10,0.002521152881830362,1.252021532813838e-09
16366,0.01921782527690557,1.4646883865606163e-10,1.4693590695626138e-06,5.742294058677271e-08,0.9807441982709175,1.5339814782141149e-06,3.4915462750146484e-05,7.946966115915166e-11
16367,2.6950863047991655e-05,2.51528985079979e-10,2.255249015045436e-06,4.6885533997120205e-08,0.9999494374995554,1.94705159340071e-06,1.936212037273194e-05,7.935247324483328e-11
16368,0.0532515511087233,8.12421154003841e-11,2.8814829287255953e-06,6.107530648454162e-08,0.946673322201696,2.4194444133706465e-06,6.976442017003581e-05,1.855199574445607e-10
16369,7.736131932540567e-05,1.4452640237664893e-10,4.581479877642973e-06,5.165855593495795e-08,0.9998747472385155,3.1812379977702962e-06,4.007672930224575e-05,1.9189908796683489e-10
