TRIPID,BUS,CYCLE,DRIVE,OTHER,PASSENGER,RAIL,TAXI,WALK
16148,0.9444363841641004,0.0002093695457498121,0.0010341139339578617,0.0001366543385653565,1.5765576305100178e-05,0.0036204521317404646,0.0009779958252458078,0.0495692644843352
16149,0.922751931731653,0.000595648313411424,0.009077566345604948,0.000710478678237635,0.00012427711804898392,0.025381343717274425,0.0018166485040555218,0.039542105591714234
16150,0.9290264988414053,0.00043076771627970767,0.003618998775447716,0.0003200723020907368,4.182804864242914e-05,0.006855974164261725,0.002083156316972281,0.05762270383490002
16151,0.8415391255774985,0.0028177208503429416,0.026736209172007096,0.002835054097179483,0.0004646754319429164,0.05063607498256667,0.004184961197804496,0.07078617869065776
16152,0.8667097119121782,0.002633041768270839,0.01846449902191336,0.002627787208940765,0.0005368357063857461,0.04667109290025831,0.003716333364039638,0.05864069811801329
16153,0.9000256244524096,0.0016532512926821844,0.008019585820284949,0.0017859345393335736,0.0002594869755277027,0.03174673026026368,0.0026399053931726066,0.053869481266325465
16154,0.9540270032429365,0.0001419058478863949,8.013339474830575e-06,5.3415935443724295e-05,2.5135600196899968e-05,0.005877516864023114,0.0006114414253640667,0.039255567744674265
16155,0.8798935365045124,0.000293961213287296,7.295652166999481e-05,0.0004987285995556451,0.0001373252788172212,0.07866896455402378,0.0018655364487774513,0.038568990879356134
16156,0.7893195497990124,0.0015543904431918232,0.0003448896952673017,0.0014893925512408656,0.0010731052598512546,0.14070054243714564,0.004815156320143424,0.060702973494147335
16157,0.8183743722437343,0.0010807367293202464,8.229039048258888e-05,0.001146533463318307,0.00023511484475026233,0.1011391602506996,0.0032531219937252005,0.07468867008396934
16158,0.9545126794023451,0.0001393547688060826,7.838054574317215e-06,5.209013647987277e-05,2.4583508321903726e-05,0.005891465517532079,0.0006064322532253041,0.03876555635871522
16159,0.8804279566369793,0.00028854025886161693,7.128650241294722e-05,0.00048752946341918383,0.00013404568870829808,0.07847383958705112,0.0018499938170944,0.038266808045473076
16160,0.7892870265797143,0.0015279547194118883,0.0003375962870716741,0.0014575286847248613,0.0010518989914322788,0.14155296122572197,0.004775068977036235,0.06000996453488668
16161,0.8193358326226402,0.0010603313012448018,8.020444716710534e-05,0.0011164975418380893,0.00022992385568738853,0.10133275238086802,0.0032208177794770016,0.07362364007107734
16162,0.9780825641567001,0.0009701494499974195,0.00016916014713898975,0.00013422999561664648,1.172992615088703e-05,0.003629365079079778,0.0010752931334629275,0.015927508111853242
16163,0.9823913890900736,0.0007927920191228232,0.0003461940004812094,0.00011983073455744602,1.3858470806277031e-05,0.006307962960210769,0.0009447053426764367,0.009083267382071653
16164,0.965626095458307,0.00348747159244919,0.0007432156558152726,0.0007258643408541681,6.98242744031655e-05,0.013861205834637548,0.0023208494116905938,0.013165473431843083
16165,0.0030693958065677505,0.002769539081169527,0.18673090302949683,0.15714778279998634,0.3097111712690807,0.20428551949595683,0.10999981019206996,0.026285878325672103
16166,0.0027035477308512182,0.003010587443711792,0.1796188863279978,0.16072988306686412,0.315873171972141,0.2095353495734727,0.10292234699892315,0.025606226886038332
16167,3.715277724479882e-06,0.059808225949541695,0.08743502553460823,0.2611882405093668,0.20606235189716487,0.03273426585657836,0.01009926401391835,0.3426689109610972
16168,3.832758548375957e-05,0.06133407128014407,0.02994905373047691,0.11234989774834496,0.08034570568322544,0.016799053096578524,0.0067999102329485825,0.6923839806427977
16169,4.798525868028461e-06,0.04337531111570736,0.012209718921917214,0.07665875207490494,0.023033777445499004,0.0055186995314180694,0.002772680847368757,0.8364262615373167
16170,0.1505731437204749,0.027865314352611237,0.03911434349927628,0.07742482985391112,0.0203334794297576,0.13070828572032553,0.08005355627117042,0.4739270471524729
16171,0.0610605761148141,0.025837200619078734,0.02657316791788549,0.02315175869423923,0.013605536471418468,0.1269097755611462,0.0393416918602615,0.6835202927611562
16172,0.06252461457746526,0.023847008285150188,0.02595330056787501,0.024661047088651925,0.00765274048460487,0.12524633544224348,0.041016534709263267,0.6890984188447461
16173,0.05639800287255879,0.02638528686331457,0.028087771633224918,0.028540030265898568,0.00887929785475697,0.1302965823775451,0.04143439798994344,0.6799786301427576
16174,0.03691856061268735,0.039788784317403444,0.040150994715004856,0.04276386900887366,0.027524010978007094,0.17298098313209764,0.04578549454853556,0.5940873026873905
16175,0.02581305096924592,0.05210468860566918,0.04577371811499615,0.07059649597227306,0.05239073172284304,0.16085848319528137,0.07687224956869342,0.5155905818509979
16176,0.021200492244088133,0.03419943284265822,0.04058133376355032,0.07384043931562186,0.0342999730593657,0.24160619870925876,0.10319079511708713,0.45108133494836977
16177,0.025400242179479147,0.04551979055889069,0.03621729430766584,0.05640878656264739,0.017108368508805302,0.14195700229124644,0.04017937233613273,0.6372091432551323
16178,0.025731804911922274,0.05493021379094473,0.03994756948023735,0.05947527756636266,0.035354997762270496,0.16317967612403186,0.043632973505596945,0.5777474868586335
16179,0.022757442362295693,0.0482337745269963,0.03722614610476573,0.06032175770914291,0.018350150160461997,0.1443974358779162,0.039790472811322954,0.6289228204470982
16180,0.10630732296839368,0.007574700975460132,0.0007963655114864409,0.02397519005471284,0.018153480737070092,0.36561759266371807,0.04313748322606325,0.4344378638630956
16181,0.015322340544182468,0.005305272097366731,0.001198628529791181,0.01579321717983916,0.013715972635277662,0.4895251080727476,0.04089138550087959,0.4182480754399157
16182,0.0060559439677243705,0.005528934670208416,0.0012807988415874895,0.02308426368847602,0.0173631971553827,0.5627980616683577,0.03109774517162989,0.3527910548366334
16183,0.004578830250405843,0.019094333149838747,0.09858969348456609,0.27898141252897934,0.1998686578184756,0.12457548334855713,0.21056418968168103,0.06374739973749607
16184,0.004178465108955731,0.02219702015870669,0.10914933219141683,0.27604290278583055,0.23279460291733517,0.10690508916997972,0.17839740494820613,0.07033518271956905
16185,0.9069985084475758,0.0027613379850577975,1.534346963083539e-05,0.0008736625679277473,6.984386232795475e-05,0.02194662718599598,0.0009303863336560756,0.06640429014782778
16186,0.8616089365982671,0.003867738678156582,3.660285053471446e-05,0.0015075495955469164,0.00014666107497167982,0.03212813252707146,0.0014933715795794977,0.09921100709587183
16187,0.008497668107533357,0.03894529427549557,0.11299029154374593,0.11363654499943766,0.47150379031519973,0.11164046031788172,0.024867262016101507,0.11791868842460453
16188,0.0053577870490942245,0.06009890246850628,0.09258917042570368,0.14425296768562854,0.4242566305891773,0.11490367065583128,0.029597705567744815,0.1289431655583139
16189,0.0033435473983772003,0.10945740024138233,0.05935591097293924,0.20162060477515598,0.2370169696157867,0.13548279287485904,0.039767819274577766,0.21395495484692176
16190,0.9597517995540232,0.008717948533577668,0.0004956091355785772,0.000601381782080886,3.232962417095729e-05,0.011611024754982562,0.0015789140330181857,0.017210992582568006
16191,0.9173302366496145,0.020063018191580063,0.0025149152761305606,0.002115278234000133,0.00018653108374589285,0.02508820226843024,0.003947968106699197,0.02875385018979941
16192,0.014125280949043396,0.04345362730024431,0.011921375685460478,0.05689403791687107,0.0509566744746799,0.05290508827108783,0.011785012633415049,0.7579589027691979
16193,0.003105748625013033,0.09616714199941954,0.05813623879041898,0.10464449642579947,0.2298440995202204,0.05457361702094913,0.02388029032685677,0.42964836729132266
16194,0.0009916568950594578,0.15456306014539253,0.06438531107274958,0.12950815673855628,0.2700963514778776,0.04917280858552887,0.01658927107224761,0.31469338401258806
16195,0.0062060910080162885,0.1481016985511822,0.02597453397206305,0.12740145300863936,0.06593524234699205,0.08105853562846835,0.014961368408343178,0.5303610770762954
16196,1.5409636412356826e-05,0.021588271303997555,0.000674683203671531,0.012133052591776373,0.0004195797631011244,0.0026988647623870337,1.62877505000472e-05,0.9624538509881541
16197,0.3013258452248391,0.04221541388870225,0.019349719740160257,0.11471761273556261,0.0002707191885221187,0.09191181990697483,0.0035594403333558833,0.42664942898188296
16198,0.2146088855818719,0.04420178204205312,0.011221212088802524,0.14747759719317904,0.00017708347146228623,0.11064567454106018,0.005308562731894,0.46635920234967704
16199,0.09136496880577086,0.08598754808178952,0.028790029732694896,0.312287886926277,0.0010658408537599798,0.13521314134135384,0.0036489992468529756,0.341641585011501
16200,0.07652224531018134,0.0952145194747653,0.026981874461264873,0.32223147230918037,0.0010452635954990668,0.13478343031586773,0.0035593046363471843,0.33966188989689416
16201,0.5882089672778619,0.010778145937636301,7.804502741890433e-05,0.01234908215896218,0.05292210835957744,0.27575637016186744,0.004237839892326413,0.0556694411843495
16202,0.24325575214714876,0.013564417215839465,0.00013837845612701228,0.01224933366390152,0.09974534061495235,0.5436153832553443,0.004339331686714167,0.08309206295997246
16203,0.018937370777708986,0.03171905739989351,0.030108582524891105,0.3076564157456769,0.05739544816783923,0.321391572644127,0.07681862345726875,0.15597292928259437
16204,0.01116178073048691,0.0390164293687866,0.0275675411814609,0.3673923831148137,0.06171895781402278,0.29071104855804863,0.07107003051445634,0.13136182871792432
16205,0.017063612654104377,0.02392580405959148,0.015633690925155264,0.0740071752740429,0.14261996760082857,0.5703855218200408,0.05896795654815696,0.09739627111807983
16206,0.007917044706305386,0.03139388268790063,0.03041250187586872,0.04698411371836057,0.4886494582158552,0.30699781888440664,0.028534120710973516,0.059111059200329226
16207,0.0348051947337993,0.0349746979352587,0.012454223035332732,0.06140899424977119,0.294348010875304,0.4291037019448363,0.03789286225338895,0.09501231497230887
16208,0.0027826664530799824,0.09666601353116504,0.24026049411421,0.19962297962272593,0.16708126252536135,0.11317010107242785,0.06535772527327549,0.11505875740775441
16209,0.00206781504667625,0.11872462964440002,0.15915441646223266,0.13247558729770498,0.359106626614863,0.0544844251414199,0.05944137132038025,0.1145451284723229
16210,0.0015358349953945704,0.09915010993015565,0.20296708036185768,0.18065054441366898,0.308335202587078,0.09021745884520904,0.04420428556803076,0.0729394832986053
16211,0.001486030201185254,0.09984213537078922,0.2011911058725283,0.18092098724148514,0.3111466837454922,0.08981152993034403,0.043719020132263135,0.07188250750591262
16212,0.0010880425274018806,0.11814390080532804,0.2022502016991847,0.23987393193019557,0.21811603956502115,0.092322713699029,0.045887528484738795,0.08231764128910087
16213,0.019850270790766622,0.008615195721545298,0.010185656887831518,0.007848214880493875,0.001024124250154191,0.19678982178971907,0.22020603710454892,0.5354806785749403
16214,0.005145100933329947,0.025397366142300287,0.009552677772419825,0.0033638770146580486,0.002980618796830539,0.06196391405705499,0.0653033064273077,0.8262931388560987
16215,0.008671002122138002,0.01610147165486809,0.014497582921959752,0.014677151729574029,0.0032634588762442975,0.20977587435091782,0.20828084382899126,0.5247326145153066
16216,0.004677149503137728,0.02777117818916019,0.01799837270241178,0.029950154472253875,0.004210599469084448,0.25732188984443816,0.17732181013525866,0.4807488456842552
16217,0.022407201535006773,0.003982467770253952,0.0064853639840354435,0.002717471821262211,0.0006312304700770002,0.14513667588061738,0.32413974902536646,0.4944998395133809
16218,0.005900223616878312,0.0023912554229996922,6.892868072622199e-05,0.0008655955532543809,0.00037717366786866317,0.32755635577124653,0.02012437822212144,0.6427160890649048
16219,0.0018201768802413277,0.004855507099437629,0.00011918469085319109,0.0018761207482956167,0.0008585401797904356,0.36462726399006556,0.02318118413480983,0.6026620222765066
16220,0.011824758405404067,0.00030049633942954467,7.925854450917113e-05,0.0008046859310481534,0.00033830953094214123,0.4525036321382087,0.09350961775232527,0.440639241358133
16221,0.005907169821893939,0.0022695444353862397,6.563879693944739e-05,0.0008100672450757596,0.00034995135311782164,0.3315747085551344,0.019714889857773848,0.6393080299346786
16222,0.0018214041298559483,0.004614122410314318,0.00011290338397815979,0.001739994799751885,0.0007986331478165683,0.3647766247620676,0.022546613749522642,0.603589703616693
16223,0.005908809120996674,0.0021903288105678672,6.349984611078274e-05,0.0007748095993046293,0.00033313098465870316,0.33394584330469906,0.019454990937669267,0.6373285873959929
16224,0.0018228695202320514,0.00445951521943202,0.00010896129361696043,0.0016554391980055086,0.0007616955929167286,0.3648985405436987,0.022140186573236017,0.604152792058862
16225,2.9686829282502368e-06,0.0037296319962261985,0.024037618854712412,0.019240718578318695,0.005932281789331953,0.0041579213234212405,9.125171617082021e-05,0.9428076070588906
16226,0.00011431278141089511,0.005985307551353711,0.14628364911818595,0.10507014892592036,0.5723666229598066,0.01946729370363108,0.011290581802784921,0.13942208315690655
16227,9.657852404618109e-05,0.006794216811521067,0.14607428957424742,0.1073904815965873,0.5648674323404773,0.020315251327891595,0.010932922313578352,0.14352882751165072
16228,0.015354331131370242,0.026413543538567504,0.0640091126168051,0.21940434646945836,0.3566905635741498,0.15743675224875803,0.050277935027068545,0.11041341539382242
16229,0.012354268630179088,0.027757140758884604,0.0629471448597175,0.22925991225199932,0.3705288928856446,0.1495423071328765,0.04608298725360591,0.10152734622709252
16230,0.0021973739911552723,0.07579111234237274,0.05936197964041077,0.23274651700681606,0.3263846882949322,0.06955043009870504,0.04530575030262815,0.1886621483229799
16231,0.0014705223377314525,0.07809903413222309,0.06439875659836905,0.23769854755916558,0.3586246980882214,0.06472721640503454,0.03417480870209794,0.1608064161771569
16232,0.00013172146835039886,0.046039555803149064,0.03843710386023953,0.2129683320222742,0.5627561270672673,0.02464979561720943,0.016624913839474533,0.09839245032203547
16233,0.00012852598766852514,0.046224008688431094,0.038275359120799005,0.21342075027093468,0.562862741216413,0.02466100576633532,0.016522627531731535,0.0979049814176867
16234,0.00012218779447786756,0.04658272390515408,0.037945410170197515,0.21427427753853964,0.563308955725443,0.024703670131026468,0.016302297969217918,0.09676047676594339
16235,0.00010840976030932621,0.04757250762393407,0.037063597883791835,0.21682931809964895,0.5632941389725781,0.02486484097933254,0.01584769220980195,0.09441949447060324
16236,0.5222286131071062,0.019974231157051884,0.11246276529018852,0.01561103808820548,0.001905164900762459,0.02346577778283366,0.04726482201726387,0.25708758765658796
16237,0.49410935736300143,0.023567440224618506,0.12096160878416039,0.01873459926061769,0.0023652785258780062,0.026113117321081507,0.050667110943699974,0.26348148757694245
16238,0.23481911533552982,0.04350725788040352,0.015509072210343018,0.019075861877816902,0.018767716598368366,0.063269348045032,0.06957844213012469,0.5354731859223816
16239,0.1559527599829169,0.024376915997906385,0.08702927736138132,0.07225194587607861,0.029151064401090294,0.1692100798585614,0.26487006999115525,0.19715788653090988
16240,0.2449560553125226,0.05334970950332277,0.028340883697635308,0.02263957770561942,0.028956208869074084,0.05703845499568477,0.05425182350877441,0.5104672864073665
16241,0.43051745395981666,0.015298423689195437,0.010282049777285232,0.03666691148946993,0.008238957422424012,0.14185524558869012,0.17373739851640632,0.18340355955671234
16242,0.09245576901524999,0.0845661658580174,0.03415193928109366,0.06363540752846662,0.05423620274639179,0.15173087812389233,0.1093909521588002,0.40983268528808786
16243,0.056907316576656534,0.11573313688930006,0.03396709573404079,0.06686477703939843,0.06748213319075028,0.13236552550661232,0.08551217630780683,0.44116783875543475
16244,0.007552951202644595,0.11620384444119097,0.11633200599721383,0.11109221671776096,0.07069008340191016,0.08248284246408753,0.17581163201254138,0.3198344237626505
16245,0.004775858749731699,0.1081984582107951,0.1076795597363639,0.09187770040582323,0.06373728465395838,0.07489998194024163,0.10586484886519044,0.44296630743789567
16246,0.023764323259557782,0.008358173831060842,0.024595945685168194,0.043891794545561746,0.35143878382763877,0.34735460154584175,0.08500672333680032,0.1155896539683707
16247,0.07790776434015191,0.010867658114645146,0.023303474778489028,0.0380775230943689,0.2408399809214319,0.42182229972521795,0.05802511933041421,0.12915617969528104
16248,0.021016865775308164,0.010711306950346725,0.021407758407724117,0.05256682406452712,0.36250844538978466,0.3260305821403098,0.08714528429970528,0.11861293297229407
16249,0.9269428335465231,0.001744674487576911,0.0008557411430790948,0.000665863753048208,0.00027249057614450034,0.0057790193358329125,0.001595654551186011,0.06214372260660942
16250,0.761125627997921,0.0015129389737695796,5.542771305877996e-05,0.00062024512483754,0.00020226275697279568,0.14409848590804955,0.0035367636132022586,0.08884824791218841
16251,0.7585426747592573,0.0016945324013381284,5.650515736383126e-05,0.0006995429485394708,0.0002291859192205873,0.1445535363563776,0.003633969721379994,0.09059005273652308
16252,0.7813991140768991,0.004544646344450931,0.00017628913562214962,0.0017228949745728146,0.0026562888775138902,0.11359551331662057,0.0060282303981193915,0.08987702287620124
16253,0.5632898037835311,0.0183812166321535,0.0005682600748048719,0.007225062373963257,0.01008331144926783,0.19246537457781143,0.010072152281925291,0.19791481882654266
16254,0.21923836951299178,0.07651619666055887,0.12193693166105721,0.04981107924075131,0.0121672812001255,0.13968079970286695,0.0915476912246033,0.28910165079704503
16255,0.062013672369519116,0.09800357463342209,0.1554899030745743,0.0577017519629458,0.06913719981638014,0.06251450625279516,0.08629834103979757,0.40884105085056577
16256,0.016446242327535252,0.15198848780058502,0.17419618166357512,0.10050810925388752,0.08886582374091942,0.12492564832668518,0.12785014415624255,0.21521936273057005
16257,0.9985602898379039,0.00011462728069893735,1.2503277386055645e-05,1.650222230989503e-05,2.7430455113551654e-07,0.0001696485720522983,9.301990810289887e-05,0.0010331345969950194
16258,0.9928992887323022,0.0013866362981229572,8.345841090340543e-05,0.0001722151232413916,5.843952679269633e-06,0.0005169571754934643,0.00046320095857085435,0.004472399348686495
16259,0.9792493061209013,0.001223971933207736,0.0001294578246498799,0.0001461409920413602,7.211239633023839e-06,0.0003473908265448868,0.0005888201298007002,0.01830770093322114
16260,0.9558267965285315,0.00423979699199023,0.0001943962991659297,0.00036527525033630174,2.4620390905904497e-05,0.0005175085121665513,0.000988624102430075,0.037842981924473426
16261,0.2067058399415586,0.05199196480042197,0.013912132247781778,0.11619583166131182,0.19429634014576758,0.14939389478241466,0.05039357693353829,0.21711041948720528
16262,0.18380330311592377,0.055743503172392087,0.014542166897665144,0.12327495818012804,0.21207982513350332,0.152858335298611,0.05174893324134802,0.20594897496042872
16263,0.03772193047525784,0.12762030469074712,0.014763271532608547,0.13628739789806246,0.2836400511484234,0.10370854642548823,0.04028678009709865,0.25597171773231386
16264,0.03712192655593403,0.12807257739577824,0.014766297104732273,0.13667343860312683,0.2841244485735436,0.1038772128070983,0.040255782572215244,0.2551083163875716
16265,0.42007083148601254,0.008243919482019487,0.01880247183448719,0.05887576222837246,0.0767193978055076,0.2901285394444977,0.03256896527974326,0.09459011243935982
16266,0.42072828205661106,0.008305752040218873,0.02021500356877543,0.05645435652817842,0.07096315919218817,0.29119964608627347,0.032555213414692794,0.09957858711306185
16267,0.002656024737695074,0.00708293427126443,0.0003416373473377408,0.016173563614075345,0.008973764136455443,0.8044722548553165,0.009520468737036256,0.15077935230081932
16268,0.0017222217202950616,0.009547001909001186,0.00038152864552360084,0.021079194445491226,0.011502856929492341,0.8027521303691252,0.009108527581770904,0.1439065383993006
16269,0.8707971575522274,0.006127205864000477,0.0017199809005898415,0.008778725290362877,0.0048961382924827615,0.045109071010142124,0.007406830941162943,0.05516489014903139
16270,0.8621541901865932,0.006857250298314987,0.0018821159881296937,0.00964785746172157,0.005541777933759899,0.048779733058585316,0.007875588428893084,0.057261486644002185
16271,0.00014297923881786856,0.11532199742035547,0.133794161209897,0.29279296802924715,0.2739185791884047,0.03693756002077155,0.009690086877602444,0.1374016680149038
16272,0.00011565431270755744,0.10302703373719685,0.15264719183857775,0.2288162261867459,0.38535165883275896,0.029255504660988165,0.008037373664285499,0.09274935676673932
16273,5.865548973536318e-05,0.09031945376224589,0.16209554888424077,0.14752417231376086,0.47610002738347246,0.024076279255381857,0.010220235762396987,0.08960562714876597
16274,5.759294256567359e-05,0.09136149427588161,0.1606817634354886,0.14862204890890468,0.4740165389788704,0.024670979102288017,0.010194851112839022,0.09039473124316205
16275,5.005238643689487e-05,0.13100888678988898,0.12350777251029325,0.19453593817443293,0.3568073160960677,0.041271365240454765,0.017542681601718835,0.13527598720070674
16276,9.747065001601843e-05,0.1252745542269658,0.12493696059799886,0.3095864660731371,0.26851369909724815,0.03749288495867846,0.008108800613937027,0.12598916378201858
16277,9.415908301318882e-05,0.12739615793917025,0.12270530857122941,0.3121794541427427,0.26489834124547085,0.03803706266131937,0.00810644113770433,0.12658307521934983
16278,0.0002448261563949583,0.013745984090154968,0.0010823986300605834,0.010535773609336647,0.00034856192597178455,0.0010111844457592314,5.480864485458248e-05,0.9729764624974672
16279,0.10494861541901075,0.08403533147798008,0.02334720895607361,0.16533158895067218,0.03786858618113053,0.08732207803796387,0.03335684079831429,0.46378975017885476
16280,0.10235823189895826,0.08517610989733203,0.02339758364131191,0.16683709051998818,0.03809798124304774,0.0873187395314969,0.03332863385122173,0.4634856294166431
16281,5.300095591200149e-06,0.001953001578431528,0.3486448410908827,0.06298769161904115,0.5682629302482235,0.005694644398265156,0.006007380478713213,0.006444210490851537
16282,5.217199910614226e-06,0.001587373375201543,0.259341601802206,0.03289035905048699,0.693857940342078,0.002862140621883767,0.004682317660577122,0.00477304994765588
16283,4.7583824810364446e-05,0.005602373292196147,0.16066554988445417,0.0621078573105633,0.7378426509698406,0.00968641836216319,0.012876203434753347,0.011171362921218987
16284,0.0035417059636210714,0.04662941260440847,0.163513922957507,0.32073547030990357,0.29350497654616814,0.06376499902461455,0.03184398887929131,0.07646552371448584
16285,0.0017973495007763377,0.05889596019679769,0.12874062975198372,0.3516324854711244,0.3136322618276146,0.06323390841363054,0.02588049965536393,0.05618690518270868
16286,0.9410833252591227,0.0004274467734571755,0.00024625192011876055,0.00023354497529650824,7.545499999890268e-06,0.0016297984702315403,0.0010179324696787152,0.05535415463209476
16287,0.9341559622134371,0.0005215831875827687,0.00029598686959715934,0.0002851297826612138,9.588103687870439e-06,0.0018426889690336904,0.0011261600836602078,0.06176290079034017
16288,0.9687488448416982,0.0007486423805482074,0.0003448591088676403,0.0004120941690710252,8.986468857147671e-06,0.004625935977706296,0.0011151903785024905,0.02399544667474904
16289,0.83530251419933,0.002310938550468568,0.0010268968575111769,0.0011755030772341074,4.270673383576617e-05,0.004815665245436064,0.0013836295996491853,0.153942145736535
16290,0.9363752991118323,0.002172913543858028,0.0007863543619820637,0.001177497047221846,5.4137957205871336e-05,0.007100002564583198,0.003618204273336775,0.0487155911399801
16291,0.007753986925326418,0.004482186049215499,0.030224647263828456,0.19790618285627795,0.23506360485597036,0.24293980375837476,0.21841264649468342,0.06321694179632309
16292,0.003074813847877655,0.016619398045499917,0.04407562226352501,0.07106654831491148,0.6236290150691821,0.04541644966584245,0.03901524912279095,0.15710290367037041
16293,0.0018944303586809971,0.02511303048943385,0.03428097091842701,0.11205375848695195,0.5268250271396587,0.060731066967439455,0.05243764416126977,0.18666407147813824
16294,0.0018084968118416023,0.022840383199830054,0.0412991766510093,0.1081648344154362,0.5677680493757009,0.08111878724892395,0.05026505246918465,0.1267352198280734
16295,0.0015460079871332999,0.021034200074048204,0.04069287128914816,0.08498819900535806,0.6466206798336539,0.045667439303139934,0.035016931919134235,0.12443367058838427
16296,0.005613339374718139,0.025317819939927887,0.04663941384793608,0.14812763583760646,0.4356021464079431,0.13157473549500473,0.0596973963390005,0.147427512757863
16297,0.0036013919306495694,0.026789209281781728,0.03209513644503188,0.19494711194620445,0.3604687406581361,0.1596286074576205,0.08474061143816665,0.13772919084240903
16298,0.7633368020125212,0.012877216286037975,0.004972384413023409,0.01858426207762848,0.010949741098016044,0.06511011495362634,0.00959476595640607,0.11457471320274043
16299,0.7209759398136084,0.017495951963347526,0.006386791654636489,0.025135346432032312,0.016243144108074533,0.08283149314080653,0.011975998088189527,0.11895533479930465
16300,0.06997214003936225,0.009536598256099711,0.0765586495785546,0.07942070718607518,0.42636051085270416,0.25168454937895235,0.031964881071638244,0.05450196363661363
16301,0.07477159779425177,0.013623573904338703,0.10417557843738513,0.07271114812691501,0.3706860949833472,0.25271360943806,0.03597116802627608,0.07534722928942617
16302,0.07131362950040461,0.01190262788763385,0.11536693505453276,0.0701714171619715,0.3845283434556437,0.2470715366241955,0.028772467169625962,0.07087304314599205
16303,0.053739834439781795,0.011065584436886221,0.08042557879586293,0.08600645328039566,0.4243846996580443,0.2583829859550955,0.03115420149105685,0.054840661942876685
16304,4.300961747639765e-05,0.19283611037444043,0.08439240871748634,0.213573027041186,0.051139056181580184,0.12354485111225201,0.05204487478343373,0.28242666217214496
16305,3.763964999072866e-05,0.2011228902631854,0.08228852132812113,0.21891493343328242,0.0535294842934688,0.12204904330205056,0.0487222185624658,0.2733352691674352
16306,1.5384332336512074e-05,0.2098858093530667,0.119356074100388,0.19655446997495737,0.06857096612122772,0.03542217697812028,0.015483188003496552,0.3547119311364068
16307,2.075356393525091e-06,0.17778769098275424,0.17966474452634698,0.23882191314636494,0.20646642238287113,0.050402226375927374,0.013171846381257533,0.13368308084808428
16308,2.104986666693682e-06,0.13807865721855903,0.20127948935660675,0.24819224928667796,0.20582142009237378,0.04446542974310379,0.011028543239607495,0.15113210607640445
16309,3.2061542179732613e-06,0.17585155877139746,0.24143107440063252,0.18636921646718113,0.1781035441325174,0.02420057079473894,0.009233316721610511,0.18480751255770406
16310,1.0394840510157477e-05,0.20488339753178747,0.10265598719913205,0.22224170076878072,0.07050882058911064,0.03439654164266497,0.011502329029664443,0.3538008283983494
16311,0.15030354460384257,0.02082286747084259,0.000603594899551837,0.02531211084621296,0.0873906311109111,0.6073746590020422,0.012062140647490466,0.0961304514191064
16312,0.1717890161579517,0.022298339835131447,0.0009166060093811449,0.023335244878410998,0.14385294552422664,0.48476465754436837,0.013198949942258549,0.13984424010827126
16313,0.12286330815203808,0.019400517089046273,0.0005553892600152514,0.03049720363575197,0.10805941368183646,0.6135458645978261,0.016557345756358123,0.08852095782712777
16314,0.9941887894261713,0.0006657102347181449,0.0001841302337043171,0.00018438919313608503,2.4374524542370473e-06,0.0004787370570288108,0.00013307209648524026,0.004162734306302017
16315,0.9965525104782496,0.0004028010683141181,6.34887313714335e-05,4.0685577696202196e-05,4.094262453629441e-07,0.00017075416588234872,0.00014592921913758491,0.002623421333103404
16316,0.9965155750474837,0.00041812209941221397,6.949847646210579e-05,4.367590119041901e-05,4.6185434069875966e-07,0.00018536082471120018,0.00015156880618844853,0.002615736990211302
16317,0.9714671564742161,0.0022773661571142685,0.0008361296554818934,0.0004240344108375702,1.6426337481237527e-05,0.002195165816692203,0.00038119860776203706,0.02240252254041479
16318,0.9219603347951033,0.011776145594316877,0.0031541032534666983,0.002386699794978497,0.00011908921022424312,0.008216114413656389,0.0007087697675392634,0.05167874317071482
16319,0.921396556489344,0.011843306693790375,0.003166098370941217,0.0024044353818433945,0.00011974752085300746,0.00827336226821682,0.0007129576074448781,0.05208353566756638
16320,0.9050859889137111,0.011889672955760804,0.0030318268309373945,0.0023279849394948387,0.00014541654410105316,0.007254021738246265,0.000853524265729782,0.06941156381201881
16321,0.35533303217992596,0.04958230246220158,0.0059313397119568016,0.04950360249504548,0.02508086497652624,0.3274662598093505,0.00825837966616319,0.17884421869883022
16322,0.31816855481143225,0.05643023949941389,0.006391765028133004,0.05468695954174812,0.028100334037588447,0.34626478283992873,0.008777135648028183,0.1811802285937272
16323,0.0007578800530005468,0.038923067285104106,0.0005952584146234064,0.019428042981938797,0.0005676166492932793,0.009898492577597194,7.424381188643577e-05,0.9297553982265561
16324,0.003874531969468953,0.0071001071841076905,0.0014348744187059608,0.042331146068103696,0.30034658814285703,0.5580513626666184,0.014403645745754633,0.07245774380438372
16325,0.0035117306193421234,0.009295390048829802,0.002789217656858784,0.03405553059803733,0.258011934086801,0.6018287510610252,0.011380318174825798,0.07912712775427999
16326,0.00241595309631247,0.00734170922333978,0.0015613648027304546,0.0344826062399403,0.25158652407347915,0.6344293791021509,0.017106125190627493,0.051076338271419414
16327,0.003426357003567596,0.04427224428245685,0.014022594080169443,0.12997012136797548,0.6181667371778646,0.07171819494237872,0.03279228579685981,0.08563146534872747
16328,0.0031338189307544523,0.0453514888975142,0.015402318097976698,0.12495264474254487,0.6295519103566896,0.0671424397418844,0.031075325265702187,0.08339005396693382
16329,4.6761112325372977e-05,0.01666740720908849,0.0032154696215528247,0.027732422121209244,0.004033617257842796,0.004068089132578169,0.0001650043786704493,0.9440712291667325
16330,0.0009385731891833096,0.09502956374253799,0.0745326172692663,0.2182741578203175,0.28797491513085377,0.027284866875136492,0.03944446419122094,0.25652084178148377
16331,0.0029208508242630723,0.13743624919127811,0.07585003562036438,0.20738944767644912,0.2799903484252914,0.031521567452955035,0.033096758204940416,0.23179474260445848
16332,0.0011356120768528635,0.10683175854437114,0.06919680107948216,0.17515940500295418,0.2979347126562132,0.022177604276850393,0.031809940357068724,0.29575416600620724
16333,0.0002714373635686526,0.08848992085339043,0.10400083657322717,0.2298321519372057,0.38453820274651584,0.02063034803903153,0.02364371953987238,0.1485933829471882
16334,0.0002637666521934218,0.08871620371015067,0.10303050372585888,0.2313636079853967,0.385669347616681,0.020677624742626216,0.02342195239572133,0.14685699317137177
16335,0.00024463169647201486,0.10552693353805316,0.06778859956578473,0.18372429824802347,0.34265941654971377,0.020198957448719634,0.03194656351521917,0.24791059943801394
16336,1.7376496020909667e-05,0.018004364131930697,0.17057497426775586,0.19006867968062305,0.5686014922051421,0.01002533162602325,0.010866617127441849,0.03184116446506223
16337,1.2695757419693387e-05,0.011012265480094634,0.21807515100090502,0.1336659632909754,0.6036689847790458,0.0069085913114816004,0.005530524140105414,0.021125824239972342
16338,1.5724026330873358e-05,0.019062946867043826,0.16743799360590347,0.18882388596436678,0.5708911046725493,0.010503613144736917,0.010917019262855663,0.032347712456213165
16339,0.589361483093383,0.014007897383655488,0.0031726001629464574,0.053515832490456314,0.04232692448987848,0.19457851446144983,0.03136686424803,0.07166988367020034
16340,0.4979938273302324,0.020467959934119113,0.00439715368164663,0.07504590111801841,0.06293156024351933,0.2219775194037815,0.039241896889180894,0.07794418139950166
16341,0.11888541075980294,0.02157406948689892,0.0024747236617996653,0.014479164482703233,0.0003610497629544107,0.006538785731798808,0.000867066152276264,0.8348197299617656
16342,0.8523369629939052,0.011403236670076398,0.0025145773743032573,0.013371573432799386,0.0027394645715693652,0.04834935856328167,0.010171446911426504,0.059113379482638236
16343,0.7645189392171589,0.020069366276619933,0.00520668007798088,0.020477268764627618,0.005145004789922741,0.026563236021378483,0.012556606925749069,0.14546289792656256
16344,0.8028815148932104,0.01630676297113806,0.0020891692489095337,0.01977445422575196,0.0037555458455696506,0.028620737275844764,0.013842393523092734,0.112729422016483
16345,0.979520476179365,0.0007884281213716759,0.00031882552541764685,6.148290247044053e-05,1.258743418392509e-06,0.00035948443043372016,0.0013267666516316428,0.017623277445891632
16346,0.9925936022421373,0.0002534705033121531,0.0002427972760441321,2.40665131393723e-05,6.056974315278747e-07,0.0003047188893414703,0.0006829245748806819,0.005897814303713427
16347,0.9480825906307909,0.008980649044023152,0.003962161371642413,0.0015499185540342078,6.754201389549959e-05,0.00619590477174149,0.007791007415579771,0.023370226198292432
16348,0.983004177261584,0.0006851025778690193,0.0007047087270548556,0.00012273259556901779,3.2035018939718855e-06,0.001810998086949663,0.00189537260942716,0.011773704639652362
16349,0.8957923249241686,0.008545555350253342,0.007988463025579757,0.001815178030782734,0.00015633776122464844,0.014500680628128588,0.004787329325093702,0.06641413095476847
16350,0.9071518684519331,0.007244942971146968,0.004215647355510767,0.0013455149209335962,0.00011465139488619652,0.010957524793680682,0.006130665910617671,0.06283918420129113
16351,0.4061349253309189,0.04447913720790318,0.0031406263065111703,0.025843261895978197,0.061159450184428574,0.180006751247478,0.027773923970490264,0.25146192385629174
16352,0.3813764544662996,0.0495575371652092,0.0034084555561587227,0.02869525746204608,0.0685853553049009,0.18266012116993158,0.028741704931070183,0.25697511394438366
16353,0.1366920234138106,0.09325452288309853,0.008394411207764048,0.09952478492303517,0.16500356552801496,0.2562574227684069,0.0242206095273494,0.2166526597485204
16354,0.12916689801567977,0.09559270133934478,0.0085909879406805,0.10235801611336785,0.16945758423779023,0.25597217984672566,0.024038957392360238,0.21482267511405093
16355,0.001137649870148398,0.0268943938461221,0.08984879753337967,0.12831023278575607,0.13768587084254044,0.3620386108077832,0.07799518116999635,0.17608926314427373
16356,0.0014086247947656984,0.044452733145762015,0.13344588372523536,0.06209190532238567,0.2182099125124588,0.24060609801061267,0.052973370735274534,0.2468114717535052
16357,0.0008905056952484759,0.0461811091897263,0.08688007636922447,0.06419166568540663,0.15633980536072187,0.19683001725797458,0.07048934870561131,0.3781974717360863
16358,0.027828843805676785,0.012854286839584375,0.06954200500055183,0.03872257344089799,0.16041452503621378,0.2192455377115534,0.0500469781551038,0.4213452500104181
16359,0.013096124343678748,0.020824564503950628,0.06982414234610451,0.05372005298311792,0.19301680341110516,0.22096665105773206,0.04355640767599465,0.3849952536783162
16360,0.055440707257102255,0.015051876136861677,0.0202561785778508,0.1619939865769478,0.3794566306502383,0.2393889239686661,0.07990208534157725,0.04850961149075562
16361,0.032786172748624484,0.015731150276943644,0.020034621757337768,0.17120041693310592,0.4541058320624628,0.20288037550497004,0.0586041995270576,0.04465723118949771
16362,0.9456056395638593,0.0006468103207140319,0.0003960946455006746,0.0009366088766974246,0.000253899692429639,0.007178897049880769,0.002355615350982305,0.04262643449993593
16363,0.9239781948200261,0.0013821455926137567,0.000664664194820268,0.0025542374115129227,0.0007720096685218764,0.0175882856012338,0.007129924547272539,0.04593053816399859
16364,0.9403799990578706,0.0019312068228360501,0.0005029981921699942,0.002497499542469606,0.0016994474035646578,0.011399456821365395,0.007588148013480802,0.03400124414624283
16365,0.9250217330803617,0.002824057641329778,0.0007034672092206457,0.003596753490845667,0.002526353850710119,0.01434439236713022,0.009717073247974795,0.04126616911242693
16366,0.4818657175115453,0.05068930068176475,0.009721358696372204,0.0993571569394794,0.09225288585979952,0.06989745551825043,0.03822175694370075,0.1579943678490876
16367,0.3670508920247108,0.06220722318012942,0.01592283388946213,0.1266298155343412,0.13369222579579518,0.07858378722398954,0.03334316315875444,0.18257005919281735
16368,0.46527754799690046,0.024925884556346308,0.008497070034233823,0.08335849983789032,0.14294245445426665,0.10360718485723132,0.04511830572452917,0.12627305253860177
16369,0.37559238634342174,0.03618288187414921,0.01498971495163511,0.08934011865955338,0.17280369677173749,0.11528407967186892,0.0403511372875214,0.15545598444011263
16370,0.00018895983758262112,0.012740075596949847,0.21512740622443882,0.1858997934811348,0.20359365532628884,0.060502488698423,0.06825083557680238,0.2536967852583798
16371,9.94081685414054e-05,0.016321567163055595,0.18355279179523448,0.19528821387671502,0.2558515019507617,0.0627686433165861,0.039671089075796896,0.2464467846533089
16372,0.00012011928105869656,0.005937931299821386,0.0027935639015942105,0.09932080540808116,0.17553425599102732,0.5087574185533597,0.03151749894104031,0.17601840662401716
16373,4.885492634486327e-05,0.007653502367024125,0.0028458216694801338,0.11745986215727924,0.21719713340941335,0.4698636958532831,0.022165929018781706,0.16276520059839353
16374,0.8514410177186036,0.002741633277833252,5.54336355548903e-05,0.0017688581340466831,0.00016458189803102112,0.05920050706596411,0.0018771708308067112,0.08275079743915977
16375,0.8412811114081399,0.003197045146562735,8.972438652235577e-05,0.002437886647205141,0.0002502269223815953,0.06361586283815898,0.003149786286916777,0.08597835636411248
16376,0.03327670227886878,0.18028812947735387,0.1459044724118281,0.061767109248261655,0.021067492603810987,0.1255962801310299,0.07604372696625342,0.3560560868825932
16377,0.005497763552199194,0.27037734140275754,0.1557106034290772,0.08639676681659807,0.0406579392195338,0.08969122714055001,0.047180602029210574,0.3044877564100737
16378,0.01155344738841455,0.15907650023995631,0.0683052356801901,0.035641931818086996,0.019070105529963494,0.05501700656387288,0.02384509432318173,0.627490678456334
16379,0.007921576269817293,0.17024217237599887,0.06699270389156337,0.04050331918915378,0.020496953416902938,0.053597539262570805,0.022317152041466587,0.6179285835525262
16380,0.005395322473393114,0.029621473919889917,0.07536330293331828,0.1512991898193618,0.44873163685028883,0.04821881435732964,0.05629575628484187,0.18507450336157677
16381,0.004092368335848042,0.030912411870223158,0.07888809608895414,0.15945855302106937,0.46412739861774993,0.04601991925038569,0.050847842366550655,0.1656534104492191
16382,1.8057447158608735e-05,0.010609423300507799,0.005957284368881541,0.016402531701015202,0.004985535890499287,0.0012070410443897825,0.00014181960824972015,0.9606783066392981
