TRIPID,BUS,CYCLE,DRIVE,OTHER,PASSENGER,RAIL,TAXI,WALK
16148,0.03830164322833168,0.009223979281195475,0.12137217601460776,0.009286675367989732,0.14006596277148944,0.23176745158639067,0.0401070642329451,0.40987504751705006
16149,0.019623920158569286,0.0062776729566168124,0.24096697820483148,0.008506856246954016,0.15278333886876594,0.23338258689389518,0.01955283679822961,0.3189058098721378
16150,0.026126890784359508,0.009037314535247278,0.15116174837101692,0.01089254445256687,0.15275401539275196,0.2378903303245038,0.035892748025626524,0.3762444081139271
16151,0.025485548268940127,0.007378122323288899,0.1895729216102966,0.010178102548659492,0.1653882956445722,0.21400073414298576,0.02680389351004096,0.361192381951216
16152,0.016888156805016805,0.0070015125735847766,0.1908871318820115,0.008441824942829529,0.20973643812204273,0.18132498316939558,0.023563530431058976,0.36215642207406007
16153,0.034074909330595725,0.008779432067592272,0.13148667428178487,0.00976470460628042,0.1672522528261703,0.22339686614967594,0.038244377350638945,0.38700078338726157
16154,0.025886170419060155,0.015971896315172717,0.0011549863414306355,0.009451202844867891,0.13114461224923302,0.44247754465248024,0.01604860383945488,0.3578649833383003
16155,0.011316700299600772,0.007599173748764361,0.0017312733897159877,0.011108448296322708,0.14850810029690137,0.6531032182732268,0.010124173607597823,0.15650891208787016
16156,0.012651113535337946,0.013437166147010645,0.002013583577878967,0.009524525843006422,0.21747442622591562,0.38401832302938854,0.010450879585489901,0.35042998205597203
16157,0.014890301545037015,0.009307323201251374,0.0011561253489412982,0.011067479350542662,0.1739406265020934,0.5458307250326234,0.01564595777244902,0.22816146124706185
16158,0.0261707369534532,0.016078753443669862,0.0011616481602070169,0.009353148342576115,0.12990620745104522,0.44093189003536637,0.016141170207174826,0.3602564454065073
16159,0.011469888593573362,0.007669260799402805,0.0017456398720818765,0.01102085719138746,0.14747582417852306,0.6524591664679054,0.010208186197675587,0.1579511766994504
16160,0.012801083945413244,0.013538589694464327,0.0020269230762409106,0.00943374099924875,0.21560433578416074,0.38300290424639916,0.010520114104803151,0.35307230814926976
16161,0.015081385295776973,0.00938664265806368,0.0011649097502288049,0.010972587549658375,0.17261163918020833,0.5449138535762814,0.015764837936893497,0.230104144052889
16162,0.1443586953538356,0.04138980257442561,0.03677686310502105,0.010208952902125938,0.08774453852266732,0.33662397049667386,0.04456664586477625,0.2983305311804745
16163,0.1365284291513923,0.028330018811778632,0.04386715636246644,0.006845304114368466,0.11952839071447248,0.39712489276813445,0.02907205593190315,0.238703752145484
16164,0.3563057902627242,0.033589723115154804,0.024352751280396732,0.008308735351378474,0.056357673121592206,0.38839814341555673,0.035962842611273395,0.09672434084192347
16165,0.00037565992692556183,0.004237108330619798,0.1546194256851224,0.04007135666570386,0.4947421049209181,0.15970432043932975,0.05105367694607864,0.09519634708530199
16166,0.0003682026664294624,0.004163707100978763,0.15073559847268617,0.03879242019834631,0.5109381736568164,0.14895519426033663,0.05004153195293712,0.09600517169146916
16167,3.5273126115239656e-05,0.014952191892028153,0.09029775955985386,0.026681754590263118,0.6001105187933146,0.07262819795554687,0.018177022655334794,0.17711728142754335
16168,0.00013798289793551079,0.013823760531623317,0.05393110064018722,0.019430448463523067,0.5960536552425886,0.05727111928780739,0.01409587703397607,0.24525605590235885
16169,0.0002697069922288633,0.021524015568125145,0.05042735223665444,0.03752577672887709,0.5393254577026408,0.08060702131134415,0.02855015382002241,0.2417705156401071
16170,0.0032789033748015684,0.028152851445566757,0.017675273240884762,0.035066493931766765,0.11503313563560953,0.19360276809275645,0.03770906396290148,0.5694815103157128
16171,0.0011838906960726476,0.020310002438345614,0.026729171296725848,0.011535129081179325,0.13597718439246695,0.1340058775300152,0.022240294623485316,0.6480184499417091
16172,0.0014251141023559034,0.02178904454812712,0.020137054129461002,0.013707772500583847,0.09949282613244936,0.15355333940025012,0.028259881639830488,0.6616349675469421
16173,0.0015947528343414705,0.0244211102267442,0.022442599030828226,0.015316164836518629,0.11573840783870286,0.1658545618003396,0.03161647206657082,0.6230159313659541
16174,0.0011353772461710156,0.019237194489596786,0.017166399952814396,0.00954244986269134,0.10715732789870136,0.10214449377321873,0.022923506056156864,0.7206932507206496
16175,0.0017314859754135894,0.02507400496368784,0.01919747752901584,0.012556890454385327,0.1301003432560871,0.12250264986110647,0.025820279880522125,0.6630168680797817
16176,0.0015698358891163612,0.02892288880091927,0.01967458250212826,0.015559845406652496,0.1772379166619827,0.13721962995124704,0.04958062052627309,0.5702346802616808
16177,0.001385532086642969,0.02150668782109517,0.018958714783431814,0.012439236909735306,0.13204134803161163,0.11119271984537034,0.027474973906994,0.6750007866151189
16178,0.001123996332646513,0.019610892279889085,0.02448263325282309,0.010140174722787667,0.1827366050126414,0.09156126154483425,0.02111513307495532,0.6492293037794227
16179,0.0013783561280348914,0.021428544349446424,0.01879853090800111,0.012286963459048889,0.13561436518879955,0.10732566612141015,0.027332728204475073,0.6758348456407839
16180,0.0026562497014417236,0.020238676603208522,0.0002598758677811984,0.02320633226331791,0.10166205492140458,0.3001657435668709,0.02399828655013643,0.5278127805258387
16181,0.00086383048193471,0.014309320127159061,0.0005516961805298981,0.01528733502651281,0.22168981014316702,0.39391649428943387,0.026292017239135945,0.32708949651212677
16182,0.0006947219372916542,0.015411702903141613,0.0004141071358330102,0.016922909477976984,0.22518456484405758,0.36084621832271613,0.03575116149901318,0.34477461387996994
16183,0.00010729651016158775,0.005342662243075449,0.04679157936762819,0.07228184884239745,0.2991054141415904,0.34577692784155567,0.13771238296732466,0.09288188808626649
16184,7.416335334730602e-05,0.005387770306005333,0.05021102528552184,0.0707660912211496,0.32114112903654113,0.333060988194598,0.1265939954271895,0.09276483717564736
16185,0.1277620441736531,0.039531862416726224,0.0010217550993243177,0.015612972794301013,0.027686865057675866,0.31567417893118954,0.01182474542837665,0.46088557609875347
16186,0.12223787285476274,0.03928508122711588,0.0009354518590661872,0.015229934263170108,0.034574430408800524,0.28661592886593146,0.015305051311370525,0.48581624920978256
16187,0.0003063078888763877,0.036409782926391146,0.09785019701792243,0.030517361849821886,0.6426135767485865,0.17788842160964138,0.011290952861092654,0.0031233990976676975
16188,0.0003975833414732761,0.041034492666969895,0.07296741060850333,0.032068352621412506,0.6744728247170896,0.16204403940639664,0.013725347921912863,0.003289948716241858
16189,0.00030292860996932613,0.038243815349759215,0.04651770204544366,0.023679146055320198,0.5354660208451083,0.11823258963807014,0.01710666075358258,0.22045113670274644
16190,0.1468177765300169,0.13802717203990317,0.009387127505409935,0.01312283595172165,0.021377600073737606,0.49731642082071115,0.011148839894356687,0.16280222718414283
16191,0.10201433076849147,0.15347071190752395,0.009118673096666823,0.013692826886244135,0.042654042521662015,0.44343212481283784,0.021931343586833376,0.21368594641974029
16192,0.0005067569312363977,0.04119664178093506,0.031149393320400565,0.05151617958338499,0.23009956051478989,0.19211994260365306,0.013827911926852897,0.4395836133387473
16193,0.0001206439627830774,0.058040184630718125,0.06856825678632995,0.039455104435161883,0.3710244024367861,0.12426095911959037,0.01204900437088371,0.3264814442577469
16194,0.00010614445197129317,0.05188725271058905,0.05832265889542335,0.03223609351069783,0.4529073446148713,0.08016208248914301,0.010601421418442435,0.3137770019088617
16195,0.00047108400739455413,0.08191499836856345,0.05058367833057731,0.055502346263412675,0.2960184646494738,0.15751068970470064,0.01891967733183997,0.33907906134403765
16196,6.918481761283282e-05,0.0073016470861609,0.004348324983040071,0.012318530463386629,0.01609677950048754,0.01565111565129021,0.00178709534903898,0.9424273221489828
16197,0.0011229272074480556,0.06864472561150214,0.04813437036493716,0.25027294101049263,0.039052468131082346,0.22061935198464427,0.008549078445218313,0.36360413724467505
16198,0.0009699370094941898,0.07132925987664362,0.03322435784670412,0.2507737962849758,0.02931841283378815,0.2100224984904776,0.012143403334895964,0.39221833432302056
16199,0.001082009630568021,0.06855347996032009,0.038965651144393924,0.24574809968425093,0.037836138098273804,0.17020382484015792,0.009329483323469454,0.4282813133185659
16200,0.0011070288928799112,0.06957166138444493,0.04010680035417107,0.24590026559076364,0.03836992810145785,0.1651315813301321,0.00869772015165386,0.4311150141944966
16201,0.024539730414652777,0.04427606870066039,0.0006158103921479954,0.019978896514756143,0.19624321524762048,0.3488046494076456,0.004251045558479751,0.36129058376403683
16202,0.00797155009467135,0.0256206815354214,0.0009895748346267275,0.018610326474985554,0.3658984784406905,0.39312962903819076,0.0033620238915078246,0.18441773568990602
16203,0.0003006841796715104,0.020622406306942457,0.06559236998316184,0.17542916785231205,0.283735330555522,0.2444314464742212,0.0992995928979631,0.11058900175020578
16204,0.00045216567280165036,0.021139985099708436,0.06334444759904646,0.1768072983301581,0.3015123495334521,0.2229423569958981,0.0994954112527816,0.11430598551615356
16205,0.0015414000393506602,0.024682406269793677,0.007922878406815147,0.01723274538769688,0.2935486443207682,0.24509568668662443,0.02618145791398098,0.38379478097497
16206,0.0013444642724341515,0.02053593427673025,0.010017402760340023,0.013638307476653061,0.45435411123096486,0.14787097486961118,0.014921304189335627,0.33731750092393076
16207,0.002526673640163596,0.02631857012449062,0.007111729998803069,0.019639055708048428,0.33233349097134024,0.22284223223018948,0.02176135183556926,0.3674668954913952
16208,4.610728859770277e-05,0.09464206400831587,0.07027252031496804,0.04456646702929093,0.15379153654303981,0.18618460848067286,0.029183232105537842,0.42131346422957694
16209,4.977377328418463e-05,0.09594433761223105,0.05734116965843233,0.030648365426827962,0.29014488314870446,0.08711128232720408,0.02671018667644789,0.412050001376868
16210,3.575356897329662e-05,0.08348197487431439,0.08457083139388659,0.03289047678269285,0.2600985447542195,0.11614088798055872,0.021438283431974004,0.4013432472133806
16211,3.5487703836995414e-05,0.0829153177475591,0.08382970690254837,0.032536470000292396,0.2615430836702648,0.1138568837891306,0.02127920043016768,0.4040038497562
16212,4.479824722474685e-05,0.09347147621256334,0.06594566800969583,0.040190240582056655,0.20921104896530346,0.1315414030908705,0.028354685049647253,0.43124067984263814
16213,0.0009778211302078929,0.006889679608985801,0.0009456524662879843,0.007865128974399817,0.07258717732729693,0.4609250364601304,0.28543759513821393,0.1643719088944772
16214,0.0007460860793813369,0.04215321007231131,0.0015079854035975168,0.003047210313251635,0.17427035067139052,0.114888741344324,0.07134638735086396,0.5920400287648797
16215,0.0009480351280609397,0.007631890020616138,0.0014103486255600776,0.007087800369411396,0.1673372116645297,0.330986441438869,0.26220882473641915,0.22238944801653357
16216,0.0010984495428685375,0.007991257941467229,0.0009929155508114887,0.007611772823060145,0.1569297155752737,0.27838845315947996,0.3206929310777467,0.22629450432929216
16217,0.0011044286152548527,0.0022699241955855065,0.0011675432169899822,0.003648743998674873,0.0656136984047826,0.3331186468667993,0.4266391815628882,0.16643783313902452
16218,0.0005046513541568202,0.01926253097788368,1.3203218595383711e-05,0.0027245149016414936,0.05269902641836214,0.5054037983820766,0.07036960172681182,0.3490226730204721
16219,0.0006075477328298833,0.02306345922054753,1.5635777660529757e-05,0.0029000329301600227,0.08417476925823919,0.399223150027482,0.06714659320013829,0.4228688118529427
16220,0.000740892457838635,0.0014747033132348265,1.4702446120892067e-05,0.0023491482110708593,0.07317151390516191,0.5847783883917829,0.20965390017220878,0.12781675110258123
16221,0.0005205231130350608,0.01961576125405679,1.34084084708374e-05,0.0026357580317543,0.05112638430298859,0.49921021261219567,0.07146320854016112,0.3554147437373376
16222,0.0006255724894529214,0.023445792921251443,1.585132483583929e-05,0.002800708709756601,0.08152167312064543,0.39364916857211824,0.06807224325798504,0.4298689896039545
16223,0.000531301912321724,0.01985189739499406,1.3544962929373753e-05,0.002577816996654589,0.0500966919896697,0.4950500151971467,0.07219100705321324,0.35968772449307057
16224,0.0006377786206668005,0.023700239478866545,1.599400065879936e-05,0.0027359328934972744,0.07978624166695429,0.38991137928794706,0.06868495313732652,0.4345274809140826
16225,6.8379963095314095e-06,0.0009344865753482418,0.011113429949455475,0.009601126049382925,0.01498807700745132,0.011439553146606338,0.0007653468837119794,0.9511511423917342
16226,6.064842472256049e-05,0.007868872386347077,0.07223377312921915,0.04086912086704661,0.4708622469952995,0.0914200317285689,0.008401207855889978,0.3082840986129063
16227,5.896808200126175e-05,0.007675271912767661,0.06975864430421298,0.03916383098970194,0.48883716843574293,0.08353781569673056,0.008168441571599155,0.30279985900724354
16228,0.00042805626100875444,0.021973048127877738,0.05816294825950129,0.1127308250055704,0.3898913845166636,0.24429365600277472,0.015717305516960278,0.15680277630964326
16229,0.0004234216168849992,0.02180219120414442,0.05715797454409872,0.10995563887239608,0.41090326047527903,0.2275763650923851,0.015547131349938922,0.15663401684487283
16230,0.0003135081866875722,0.029385684160224277,0.043468078508240596,0.05573201702304566,0.5757353472663174,0.0536344790783818,0.014816854488652224,0.2269140312884505
16231,0.00019847846565226957,0.02744215679663966,0.04220933573460017,0.05043646911807752,0.6059332476791003,0.04718884851758069,0.01369105234639655,0.21290041134195284
16232,4.098651809516286e-05,0.10789741098036615,0.01749476578655483,0.04246378092713934,0.19332170320178477,0.07545422174373552,0.011243200215027158,0.5520839306272971
16233,4.093223523979803e-05,0.10778885008227508,0.017459773037949815,0.04234599442466511,0.19433558667745507,0.07488803012837363,0.011228309635405508,0.551912523778636
16234,4.106046957506406e-05,0.10819396936815504,0.017490535329085958,0.04237236580483777,0.1975365518493125,0.0741948426910054,0.011263330755665638,0.5489073437323626
16235,4.077850936825565e-05,0.10762232856096235,0.017311737717508345,0.04177691293165109,0.20271754551075247,0.0714337234819765,0.011185986022347069,0.5479109872654339
16236,0.003259271376285608,0.034304049120620766,0.3165823856232478,0.028992868108572434,0.1659544156023765,0.10172987329657872,0.04836558306983568,0.3008115538024825
16237,0.003247932926968523,0.034271810478849064,0.3137758970372177,0.0285618688645432,0.17428780109621736,0.09646472916081361,0.04819711656894249,0.3011928438664481
16238,0.002339131898532893,0.05774668962985589,0.039357379340715946,0.02342207907818851,0.3926531749768967,0.08982222114933486,0.03315038524508761,0.3615089386813875
16239,0.0016259909571449838,0.009134618836977164,0.05585373489404193,0.051848494126893324,0.4879630494792573,0.22768781797732507,0.08083199197114718,0.08505430175721318
16240,0.0015090244836571246,0.045456800612167975,0.04602272177673498,0.017957724758350675,0.46621077020900764,0.06948621014143738,0.018534049592293773,0.3348226984263505
16241,0.004262479071205587,0.011373136994687135,0.034736325018478655,0.05567891746430249,0.3991818604652782,0.28620221024381476,0.12041360840513626,0.08815146233709689
16242,0.002087858839010753,0.038042340023351696,0.04182692012729103,0.03592409835853519,0.4090788688083319,0.17066899962570883,0.03313580394057928,0.2692351102771914
16243,0.001408235578149117,0.03737527353677251,0.043764850851276786,0.033814979392794924,0.4398450994939194,0.15296259126851897,0.028705548674103628,0.2621234212044646
16244,0.0031214882033453535,0.06900301587110383,0.02442054050758991,0.024584042806447704,0.16282657507152162,0.16435371188015402,0.04858632509870072,0.5031043005611369
16245,0.0013298158329328005,0.06507333708779536,0.024062584308057487,0.021932964032273634,0.2074861943914512,0.1396195410628624,0.05182463776222669,0.4886709255224004
16246,0.0006092448871925302,0.010990603116769049,0.033874773887739754,0.01605726490718959,0.4066351442137588,0.2578018859027058,0.031002785296241037,0.2430282977884034
16247,0.001189453819687853,0.009322946457279093,0.03695307229665145,0.01326869560009836,0.4904800211011985,0.23510853498336476,0.018446933059010788,0.1952303426827093
16248,0.000896286570671851,0.011076095461181056,0.03191183427219758,0.01611714585558688,0.4204186843846975,0.24104345294525956,0.03235762116441304,0.2461788793459924
16249,0.037651441243024726,0.03966744861635784,0.06492393305869812,0.012933595409930958,0.19584561639070938,0.17083332597102135,0.03005733447455559,0.44808730483570197
16250,0.015937860640137577,0.012183431622448776,0.004064832471703457,0.006004178128048103,0.16998477765748932,0.42157964869475084,0.015754609554815117,0.3544906612306067
16251,0.01642223019725795,0.012447989466320385,0.004216640926829842,0.0060599415068757784,0.17239756712483492,0.4146580082135187,0.014792098816504217,0.3590055237478582
16252,0.036092958181476766,0.01633317437647501,0.004836005281637972,0.009422390291191487,0.28043435102603015,0.41516922375613574,0.019705832769112114,0.2180060643179408
16253,0.024878423132602478,0.016630884452260818,0.005040223003633896,0.00869268605238567,0.387742741123722,0.313056101121082,0.018064731720739465,0.22589420939357363
16254,0.0030122394368828687,0.06467868441256693,0.06278167214674835,0.068070855317319,0.3214681934551215,0.3630200996022221,0.03646864186219082,0.08049961376694853
16255,0.001156619975357874,0.036986321019017984,0.05288877412703938,0.029503257563696195,0.5829159887766956,0.08307014215436337,0.01830212341137009,0.19517677297245958
16256,0.0012205146167553723,0.06481760469542633,0.04511929606444307,0.06060213468355412,0.4029234051219927,0.217142575756515,0.039835419476060265,0.1683390495852533
16257,0.5216549655564053,0.07886629110629392,0.013208339980423185,0.011313184718642589,0.022739990028887113,0.17394524921391327,0.022534568212844608,0.1557374111825899
16258,0.5721896329683126,0.08493735216624979,0.014357884443790759,0.01051752130331494,0.033536443005532005,0.11114878931354548,0.01666696682293685,0.15664540997631773
16259,0.20026160660169665,0.09356617816526716,0.011912314734118667,0.01000184096617368,0.049588134836413736,0.0651532550547956,0.028436369566718616,0.541080300074816
16260,0.21258981491301876,0.09630438655703465,0.012875554131998318,0.009509659865525917,0.054487242979622735,0.05158690248371836,0.020356768869531937,0.5422896701995493
16261,0.0029117212219953136,0.04513087014950613,0.0027125094896946547,0.02052573825702503,0.061329374876499546,0.10846170230755083,0.015618482101176747,0.7433096015965517
16262,0.0029022159596028656,0.045079196711897654,0.00269148131856251,0.020261595953425866,0.06386021653630823,0.10372557818194174,0.01556749584280078,0.7459122194954603
16263,0.0028420803369151267,0.04320366700691205,0.001962730247186682,0.013630990222608589,0.12017425984241155,0.038242138928729255,0.01422241727874025,0.7657217161364964
16264,0.0028395764502911814,0.043174774566964336,0.0019601163354888195,0.013605801013992735,0.12059432284609618,0.03805067296104464,0.014209887259823525,0.7655648485662986
16265,0.004389481499035631,0.00541092921607433,0.03579392838710839,0.01780980986468112,0.3787505420148129,0.29684157787987375,0.01039504913359301,0.250608682004821
16266,0.004270254748476971,0.0053130600965830685,0.03452738872630336,0.017621672009164004,0.3807832009665524,0.29767920285292404,0.011098059872744674,0.24870716072725157
16267,0.0008293775442874774,0.02463613378960865,0.006578239664902782,0.01589574255372472,0.2914093937462346,0.3079573954268456,0.00955465454311094,0.34313906273128525
16268,0.0008180998816344135,0.024464417206399074,0.0063972391288820134,0.015206255300739135,0.329863649907792,0.2666490039003285,0.009424782767716976,0.347176551906508
16269,0.016159274205995243,0.027161411751116377,0.03645120119818445,0.05615050877640119,0.1972848355058375,0.4123814103485621,0.013323772874046047,0.24108758533985714
16270,0.01623092588048644,0.02731780182498184,0.03651053471172693,0.05606192373568626,0.2036028885439635,0.40371865905638854,0.013382851680729805,0.24317441456603672
16271,0.0001064896603529458,0.170107340956464,0.044557515811606795,0.1169773537596849,0.3479183112736974,0.09890886173861296,0.008754785521658048,0.21266934127792292
16272,8.065017404600883e-05,0.14437474464608585,0.052252518956203406,0.08781760638175347,0.436776170423053,0.07485249652317277,0.006206469959697615,0.19763934293598784
16273,5.2366155402201815e-05,0.1443971039445892,0.05515325815089005,0.04447301015710484,0.39393436425029127,0.07789662647280157,0.006666301344380154,0.2774269695245408
16274,5.273952628892514e-05,0.14569570008093202,0.057112035927609626,0.045217267412092484,0.4114936899608797,0.0782330365032823,0.006676918437332289,0.2555186121515828
16275,4.817085529140669e-05,0.1606395929314495,0.04283864229772998,0.048275550864538205,0.33756578118558517,0.07961579502068099,0.010151577615739557,0.3208648892289851
16276,0.00010444121644938959,0.16782976117363307,0.04313722168258428,0.11196031592873433,0.38679050428597817,0.08620571055911715,0.008585433504295963,0.1953866116492077
16277,0.00010507102169742855,0.16861025650201072,0.04342841313025504,0.11217174563464255,0.3899946024731566,0.08556434242477248,0.0084876817042011,0.19163788710926402
16278,0.00022379918026650032,0.009274499559016531,0.0028461192305393244,0.01245081839022356,0.009379624405046515,0.009319749517803734,0.0015809497803018291,0.954924439936802
16279,0.0027662731809734897,0.06903881714198605,0.020012370907132922,0.05378011397462313,0.2939723894719685,0.08371833718173585,0.014895606430984469,0.4618160917105956
16280,0.00276126171931128,0.0689357058551262,0.019962598620653138,0.0536047732902364,0.2953699676733006,0.08304959648271498,0.014868621113309527,0.4614474752453478
16281,3.1107378241166665e-05,0.0066865853273332665,0.2174199336919217,0.07698400907800211,0.6480505955843959,0.03757160041730616,0.012759463402130066,0.000496705120669478
16282,2.6036577546729692e-05,0.005238248777744757,0.14055160285675083,0.03721313059614631,0.778807508717933,0.01599137141289198,0.009096660895829401,0.013075440165157128
16283,6.953150193710494e-05,0.009570458071231984,0.0988098612183488,0.06041679166054634,0.7810568639585246,0.027849682343845633,0.021324868794474882,0.0009019424510906052
16284,0.0006043137213172026,0.05000391731086562,0.14036072716345596,0.12571537298704344,0.4029262215721088,0.08405163562584671,0.020199746169854395,0.17613806544950777
16285,0.0005583854790532724,0.04669763287500963,0.12680157787971838,0.11062298845385898,0.46319173932216395,0.06314979419082312,0.01866483323094852,0.17031304856842425
16286,0.20830561330759245,0.010920372455561928,0.0040335743285276225,0.004644340550632169,0.007179517778268132,0.06410463416148815,0.01700276808911211,0.6838091793288175
16287,0.2077383230854854,0.010917269772773809,0.00400176833908192,0.004580393792338798,0.007529044580064682,0.060959170919079146,0.016956464935169124,0.687317564576007
16288,0.5591570351487527,0.009743806483283528,0.004358306934762464,0.004744481418378932,0.00583555185403466,0.10531462192570887,0.013890231352763821,0.29695596488231507
16289,0.2577738582399625,0.016030967385312567,0.01679143974207298,0.00594771503749132,0.05348620444928612,0.056428930019601066,0.016933191320806566,0.5766076938054668
16290,0.445054846275574,0.01581189313123456,0.007869641649776226,0.007851413811533616,0.025616226434679215,0.11902440371768667,0.02762299762885773,0.35114857735065796
16291,0.0003144909784611843,0.0022769464306799728,0.012034853052841415,0.05677303496244363,0.2993592301583386,0.42013616621985195,0.07860809403378996,0.13049718416359343
16292,0.00022059841630637795,0.012475152489399259,0.014678911613173166,0.019989446361018966,0.42366169066126425,0.11410285582583858,0.01814722585940547,0.39672411877359387
16293,0.00020325550830272235,0.013796246398411365,0.01145052007654539,0.02097712592075066,0.3756936426183929,0.10529168603760676,0.024785994385546725,0.4478015290544435
16294,0.00014191847107133864,0.011840195017638772,0.01616102134489073,0.02221520485247985,0.35589212691936173,0.13720831981279397,0.021974286150973736,0.4345669274307898
16295,0.00020423241216176519,0.01160495604623189,0.014181139034001308,0.017615343474831225,0.5029879256162165,0.08356479857305289,0.015143904586533002,0.35469770025697134
16296,0.00025179577146669345,0.011645045794171936,0.016881008988446654,0.021394571735455076,0.4746398525994151,0.1440384119750834,0.015777854547611086,0.3153714585883499
16297,0.0003621599819771014,0.01368402702857457,0.012549223204448392,0.02422850184811154,0.392835388275729,0.14662500827428443,0.024692737725339385,0.38502295366153555
16298,0.06990343160936563,0.009663887801099315,0.003008375995780365,0.007964318602215434,0.03163645696644549,0.09056918759830014,0.025306899865050414,0.7619474415617431
16299,0.06779717252031348,0.009418985660400073,0.002887719117422472,0.0075454941429694555,0.03391855719231819,0.07986910127687491,0.024545359116236915,0.7740176109734646
16300,0.0018489429616113994,0.00361204839409749,0.05542069456060527,0.02077840172312825,0.450658673708549,0.2824214085017467,0.013279310208978119,0.17198051994128366
16301,0.0018940627909035607,0.004429365170245463,0.07374375383104319,0.01291715058477287,0.5295784576220458,0.152688095059882,0.007919599535243686,0.2168295154058634
16302,0.0011896411340672753,0.002658940610163616,0.06557157555159797,0.014305363524691054,0.5952692246296596,0.19449126263641203,0.008629523720534642,0.11788446819287374
16303,0.0018092366815828321,0.0035506584753830037,0.053706918563955396,0.019913245631237055,0.4844293686507594,0.2528325449905724,0.012994136464244785,0.1707638905422651
16304,9.263545679533586e-06,0.12692113928793008,0.05588762071144813,0.03826770369114223,0.20721187384542428,0.1294231382428893,0.02851920443629096,0.41376005623919554
16305,9.213505446659517e-06,0.12646365311529625,0.055372913863125005,0.037749117234971735,0.21389329551000674,0.12427524442561841,0.028365145743167532,0.4138714166023677
16306,1.6710507819605042e-05,0.13640470432491703,0.052356642414049526,0.045729561180957196,0.3050099382205159,0.09085330332328764,0.028433357741690847,0.3411957822867623
16307,3.5768444296011112e-06,0.10542519884014102,0.0934857401664048,0.0343598990190651,0.40098082753944464,0.0736242528336942,0.01912449595399458,0.2729960088028261
16308,2.5497722298732254e-06,0.08715323002891408,0.10802131875381704,0.02797515166649296,0.42992562137161716,0.05782803497983226,0.014269658949995793,0.27482443447710087
16309,5.241093910259076e-06,0.09406969994929947,0.08225905682841154,0.02837546810873434,0.5554355280466021,0.047209058200483586,0.016177087133267265,0.1764688606392914
16310,1.0669038070535777e-05,0.12901030514046885,0.050811002731132655,0.04094496508680898,0.35332610278990795,0.07421003343694148,0.026495768996421577,0.325191152780248
16311,0.0029076670312316436,0.024930688603271512,0.007025944662705397,0.024149470804806082,0.4306030651519584,0.19857407335776725,0.005122996821591458,0.3066860935666682
16312,0.0038455022010938167,0.02379219257784185,0.007155612881933468,0.02354069150710139,0.49291518414865576,0.19505457586643984,0.0039523887145197015,0.2497438521024142
16313,0.003678287396360298,0.027385350214652025,0.0054674294826996235,0.026042865209258016,0.41138614513735505,0.20479169766581892,0.006217442881723559,0.31503078201213247
16314,0.38338335988054884,0.03472518508804777,0.012632303782135893,0.022932820704738763,0.016546829704025205,0.1325060283880894,0.013973845130266786,0.3832996273221473
16315,0.4537855346240601,0.06191149828042994,0.03568730901857652,0.01578419667419318,0.04361779343404017,0.12750886065999678,0.024992356602025874,0.23671245070667746
16316,0.45203504698205776,0.0619568342343503,0.03535281725434002,0.015743145443635417,0.04500980588986598,0.12571034557531025,0.02577930188209107,0.23841270273834936
16317,0.1615599218297972,0.033089878506800965,0.009974559001268245,0.009003822379003346,0.02675361295930005,0.08412267850271321,0.028426871973019893,0.6470686548480972
16318,0.16558437614959856,0.02521133648678094,0.004744174211867628,0.005092919396351248,0.010771924715793363,0.04648598075393974,0.01149268273513009,0.7306166055505385
16319,0.15908977493515108,0.02422830650696436,0.0045567712779664505,0.004879454402690436,0.010380556559603678,0.04451821549100112,0.011042688107155363,0.7413042327194673
16320,0.13276211267919336,0.024294488134301642,0.003046469263937751,0.004749097154712192,0.007347118567392964,0.04190484134438802,0.015154328210956846,0.7707415446451171
16321,0.0026937243397861864,0.01928324512366527,0.005333770208999081,0.011485033052768727,0.029816245139195875,0.16417442770661292,0.007281242849003991,0.759932311579968
16322,0.0026911003853570888,0.01931161923257439,0.0053010043133682495,0.011346103125366843,0.031322216078057984,0.15639292899576243,0.007274165498797343,0.7663608623707155
16323,0.00029623105361422145,0.0015939682905837995,0.00025968714945348993,0.0016978623737250677,0.0005973408410867458,0.007264980148292343,0.00044426619186997576,0.9878456639513746
16324,0.002119334383528207,0.012725961556859101,0.0010044985735686498,0.017931604823218608,0.28362890588839407,0.3549782574419515,0.00846466933974982,0.3191467679927302
16325,0.0019457418711737958,0.014511144538594398,0.0014723580975573253,0.011062931950000066,0.4140667346276095,0.18889667637639676,0.005466751905039704,0.3625776606336283
16326,0.0014575770400028331,0.012121470379465784,0.0008591353106645198,0.014937939921575577,0.31838008785965366,0.2907844422645174,0.011443052089415484,0.35001629513470467
16327,0.00021943752334806262,0.05715366597010946,0.017983606397953347,0.06711701241131204,0.450418154148996,0.08664633418952766,0.014187262482543941,0.3062745268762095
16328,0.00020885360911932334,0.055180857891569325,0.01686236512842697,0.06492583251927475,0.46296622139126337,0.08344101609286093,0.01534447854616,0.30107037482132554
16329,5.887617459638523e-05,0.011883239048297816,0.0030295257749791277,0.03018976613155512,0.017668271091852983,0.017630707623378594,0.0021985293935155,0.9173410847618244
16330,0.00027210802638263497,0.11568105753053867,0.014978330412917715,0.07431254846995014,0.2699015935673543,0.12539799045642147,0.026435770034151623,0.37302060150228333
16331,0.0004583199921326744,0.08173731535924629,0.010485485488308946,0.045496701751323185,0.19291430030459344,0.08780550123400382,0.011909576280860904,0.5691927995895308
16332,0.00034950904824313607,0.07951821029067783,0.012027105361599512,0.039844980231914705,0.31680503356413003,0.04976262270018094,0.01134122244995305,0.4903513163533007
16333,0.00015077507612262252,0.071464840707902,0.019405747595799668,0.050012263465683895,0.34411311617439316,0.0696951544566417,0.01184920972927941,0.43330889279417745
16334,0.0001506188449874723,0.07142071119661633,0.019368038835515522,0.04987216568896725,0.3467888152955234,0.06904873438602827,0.01183686301136689,0.43151405274099475
16335,0.00017897093939675513,0.09749508273274511,0.014670736435130293,0.05435299025061429,0.4236823264418185,0.05515741386618903,0.02149115219672877,0.3329713271373772
16336,3.0707075484186436e-05,0.03026824849500562,0.12897397957806922,0.08511429726086121,0.39081561236985607,0.058265399667163355,0.010193742399511584,0.29633801315404895
16337,2.9276811099532742e-05,0.023982638405774193,0.15598881083061716,0.06826378063951914,0.4642094619228982,0.045994127835095766,0.005591044820471691,0.23594085873452433
16338,2.8842472592824696e-05,0.028673280625029197,0.13368767054610403,0.08183229389675621,0.42291439925188345,0.05391999302241102,0.009488810957070376,0.26945470922815296
16339,0.029060648875293384,0.016467126406997993,0.004220222154840114,0.022904883135767447,0.12678524982361059,0.23026292434760803,0.007947443072969355,0.5623515021829132
16340,0.029001188497148018,0.016543761830220237,0.0041521433166971395,0.022171373515333728,0.14520188377203672,0.20171002029917331,0.007931181978028378,0.5732884467913626
16341,0.005926374514850611,0.010896440869736056,0.006062618771701667,0.016209466716365237,0.0049689733420208325,0.02648102079139573,0.0026892471832021037,0.9267658578107276
16342,0.021370538499492515,0.06044915162747049,0.05193050869402534,0.04062594499992965,0.14964829970618612,0.16826286249508976,0.019583921758789667,0.4881287722190165
16343,0.03556108447197857,0.06644624998685233,0.03622176786528605,0.03258584238333607,0.16489991061856138,0.10593374326468911,0.015108351744875051,0.5432430496644214
16344,0.03171984055735045,0.07265525202917712,0.03802617095785044,0.03802938799771303,0.17777089635285526,0.11553096845056622,0.020618685303919894,0.5056487983505676
16345,0.2570022233062147,0.06499833487987391,0.007846349746251613,0.005401644438590906,0.010356390903671391,0.08546548468829243,0.03050007705906698,0.5384294949780382
16346,0.3438274311018221,0.0672708525693632,0.021041644835311145,0.006619816757260609,0.03585254770936882,0.18770779780758678,0.039362295246004264,0.29831761397328305
16347,0.5666435912781711,0.04871302671559255,0.0035513158810209513,0.003614263709999709,0.007181929719600186,0.0713457258596415,0.030959985136683507,0.2679901616992906
16348,0.5702587382885372,0.01611317682973927,0.003029515306360071,0.002209539863881453,0.003134258559627741,0.10486895957124569,0.03249627379200453,0.26788953778860397
16349,0.1760530704837399,0.018212498242060622,0.005983711811711435,0.0020009843049982024,0.011529823672570133,0.05075972511766988,0.03125123143939963,0.7042089549278502
16350,0.2952794278090264,0.021893045783073734,0.003796062863913594,0.002150893532450942,0.010539102923938995,0.06848121831759063,0.049670794399688335,0.5481894543703174
16351,0.0013456773751877702,0.034081715089997563,0.01076625372815078,0.016103520717596357,0.18482018728212202,0.18358083882221668,0.019992318155274497,0.5493094888294544
16352,0.0013410172867557486,0.034021455454798934,0.010690306861211014,0.015923928022360437,0.19073410827314055,0.17698823017616805,0.01992308464337741,0.5503778692821879
16353,0.0012523432211058543,0.03480348140405197,0.01314694806370184,0.030066446651853967,0.2927745901086135,0.15358243636496755,0.018289178937325516,0.45608457524837964
16354,0.0012476421060525255,0.03470230747593809,0.013073975561676643,0.02983779533064181,0.2968197543336223,0.15049428642554818,0.01822052400873543,0.4556037147577851
16355,0.00010567444682578062,0.011914010706754422,0.053270460633645864,0.023260273761409295,0.44031287099039396,0.28059681362715205,0.028190143396571967,0.16234975243724672
16356,0.00011747667716286643,0.015724357183991833,0.0646460069355741,0.014772855084880108,0.4950456389338629,0.15309104411565158,0.018643730784061133,0.23795889028481537
16357,0.00011535842240016454,0.018615226410631285,0.05147013193651633,0.016840582966826268,0.4409947828961095,0.16215420078582576,0.03000735613404452,0.2798023604476462
16358,0.0002619135091974802,0.005582294774061044,0.060138540750619966,0.01246026459871671,0.5640928603082406,0.15630399764889477,0.01678278852188165,0.18437733988838778
16359,0.00023529931382395335,0.0050679158718616914,0.052839596454165395,0.01066819317374758,0.6285696085483325,0.11451019652408177,0.015077616532157584,0.1730315735818294
16360,0.000572260984526331,0.01420681580014298,0.012849084695028339,0.10213047677408486,0.3059380925239297,0.41200459529662337,0.04253169132793719,0.10976698259772731
16361,0.00039975522296945774,0.014461845898128656,0.01391153680188029,0.09937524933496202,0.34367826927887357,0.37928342982589874,0.038159819464860585,0.11073009417242664
16362,0.05198317665562222,0.006518154796445479,0.03590346217407647,0.009147763827168707,0.36280801217572883,0.1773340109739995,0.043690793363236856,0.3126146260337219
16363,0.07544084026184829,0.01118128202854519,0.039586087808307524,0.01592526745759561,0.4301914559786825,0.2636239502699359,0.09250657222999319,0.0715445439650917
16364,0.08914546953473744,0.006096589728420025,0.018664946328826405,0.008610365534483631,0.32985562966429116,0.10942367204949588,0.04615895518651696,0.39204437197322856
16365,0.08720229110112711,0.005985271910212963,0.018118558893603306,0.008285173137936202,0.3475535862435606,0.09976772676461099,0.045152789795223865,0.38793460215372494
16366,0.010348277482508913,0.07744825545742154,0.03561618164631803,0.10105954522886225,0.381927026402984,0.1822851282483742,0.01788168673835118,0.19343389879517986
16367,0.004336668412383352,0.07134806379878006,0.03473517605155627,0.08786626755992172,0.46757218098931264,0.14895391654607293,0.017517098529250572,0.16767062811272246
16368,0.010256421435990546,0.02702785361804958,0.044131510190567734,0.05985901114953837,0.4918414585760558,0.17107549917730375,0.022299385770271674,0.17350886008222247
16369,0.004139012745737294,0.023977001225240397,0.04144610196429534,0.05011723839595989,0.5798373159128627,0.1346174189902418,0.02103581515980722,0.14483009560585544
16370,0.00022016249780094858,0.020180766239365714,0.0507046608740609,0.03220538327701874,0.2531466716167981,0.19299126620437743,0.05713539158101445,0.3934156977095637
16371,0.0001378803705692949,0.01893290233222596,0.047493666523262076,0.02796903652407571,0.3253998384554443,0.14341136565738247,0.05560797544091512,0.381047334696125
16372,0.0001555428028807601,0.03198237999031721,0.00047198922515054065,0.03105354882070804,0.1980483669484933,0.31529959711936434,0.026889162255584253,0.39609941283750144
16373,0.00010170228999086994,0.03135314027717399,0.0004607418706917571,0.028047874648163475,0.2704773208016456,0.24060400395449832,0.027323155911604585,0.40163206024623144
16374,0.04033626584917952,0.01713165219629761,0.009222054784549506,0.011757128287399672,0.10081567350540158,0.3154967782243623,0.00797826216438368,0.4972621849884261
16375,0.03755932946390584,0.016642509630607673,0.008196864298274943,0.011360103679416063,0.12167341563355577,0.29168342299583006,0.010651077920187166,0.5022332763782226
16376,0.0008056938156379782,0.11952888594649863,0.03429331709701466,0.054663276365553785,0.1457783736414083,0.2814980450915147,0.022750741599276723,0.3406816664430953
16377,0.0003595220988407471,0.11795629493534662,0.03489629537967807,0.047118853913211634,0.2395332240812668,0.18832715703704583,0.022238016001381335,0.34957063655322895
16378,0.00022599142957379777,0.07175892031792584,0.021083118169266776,0.024315721721799632,0.15361170735386429,0.09236245525189284,0.011708546241796937,0.6249335395138799
16379,0.00023067308470176026,0.07253094621167787,0.021635869187373924,0.023923435746394224,0.15928269737276457,0.08535022946877979,0.010516845416061432,0.6265293035122464
16380,0.0002790124695181814,0.021178522863635463,0.016617233143035016,0.05291782203775816,0.3620818177995828,0.23339680646073677,0.022573009126794413,0.2909557760989392
16381,0.00027156834640640234,0.02077012851874811,0.01598303505249571,0.050876586156832417,0.38811365329299513,0.21217829661567708,0.022750318200596288,0.28905641381624897
16382,4.572776657100817e-05,0.0037412444162097554,0.0013601162099200368,0.0074291544683123606,0.012603103374184799,0.008246379096175704,0.0019088653520454564,0.9646654093165807
16383,0.00014651654328446894,0.014632175814901841,0.005258834504725781,0.021010989285589036,0.5015138037402035,0.2196450414694478,0.01407971460419159,0.22371292403765594
